	Total	School	Chinese	Math	English	Physics	Chemistry	Politics	History	Geography
S1	838.0	E	108.0	145.0	139.0	96.0	98.0	71.0	89.0	92.0
S2	836.0	E	123.0	150.0	137.0	92.0	100.0	72.0	72.0	90.0
S3	833.0	E	114.0	146.0	139.0	98.0	90.0	80.0	87.0	79.0
S4	825.0	E	120.0	133.0	139.0	98.0	91.0	74.0	81.0	89.0
S5	814.0	E	114.0	149.0	136.0	97.0	100.0	64.0	67.0	87.0
S6	809.0	E	118.0	143.0	134.0	91.0	88.0	81.0	85.0	69.0
S7	808.0	E	116.0	138.0	136.0	93.0	89.0	69.0	80.0	87.0
S8	797.0	E	117.0	127.0	136.0	93.0	96.0	72.0	75.0	81.0
S9	796.0	E	108.0	142.0	130.0	100.0	97.0	75.0	71.0	73.0
S10	794.0	E	108.0	137.0	138.0	91.0	100.0	72.0	75.0	73.0
S11	790.0	E	105.0	136.0	139.0	88.0	97.0	69.0	77.0	79.0
S12	790.0	E	112.0	137.0	128.0	93.0	90.0	79.0	79.0	72.0
S13	789.0	E	106.0	150.0	133.0	99.0	94.0	56.0	77.0	74.0
S14	788.0	E	112.0	137.0	137.0	89.0	93.0	71.0	77.0	72.0
S15	787.0	E	118.0	133.0	128.0	95.0	87.0	74.0	77.0	75.0
S16	784.0	E	109.0	145.0	132.0	89.0	92.0	62.0	79.0	76.0
S17	784.0	E	114.0	147.0	136.0	87.0	90.0	61.0	69.0	80.0
S18	783.0	E	115.0	133.0	139.0	92.0	88.0	69.0	74.0	73.0
S19	781.0	E	105.0	137.0	126.0	93.0	92.0	69.0	75.0	84.0
S20	781.0	E	111.0	134.0	134.0	99.0	91.0	66.0	71.0	75.0
S21	780.0	E	106.0	135.0	126.0	94.0	92.0	57.0	87.0	83.0
S22	779.0	E	110.0	136.0	138.0	92.0	95.0	52.0	76.0	80.0
S23	778.0	E	116.0	131.0	133.0	97.0	94.0	61.0	70.0	76.0
S24	777.0	E	114.0	140.0	125.0	95.0	85.0	59.0	78.0	81.0
S25	776.0	E	106.0	133.0	136.0	85.0	90.0	68.0	77.0	81.0
S26	776.0	E	111.0	140.0	136.0	88.0	87.0	70.0	71.0	73.0
S27	774.0	E	114.0	138.0	135.0	82.0	84.0	66.0	72.0	83.0
S28	774.0	E	105.0	145.0	121.0	94.0	96.0	59.0	73.0	81.0
S29	769.0	E	114.0	134.0	130.0	90.0	96.0	58.0	69.0	78.0
S30	765.0	E	105.0	139.0	123.0	83.0	89.0	73.0	71.0	82.0
S31	764.0	E	103.0	148.0	114.0	89.0	95.0	66.0	73.0	76.0
S32	763.0	E	120.0	129.0	134.0	83.0	90.0	59.0	73.0	75.0
S33	762.0	E	122.0	129.0	122.0	91.0	94.0	57.0	72.0	75.0
S34	759.0	E	112.0	133.0	131.0	87.0	88.0	61.0	68.0	79.0
S35	757.0	E	107.0	114.0	120.0	98.0	91.0	76.0	76.0	75.0
S36	757.0	E	107.0	134.0	136.0	86.0	90.0	60.0	74.0	70.0
S37	756.0	E	111.0	133.0	118.0	87.0	87.0	67.0	78.0	75.0
S38	755.0	E	110.0	136.0	135.0	71.0	86.0	67.0	80.0	70.0
S39	755.0	E	96.0	146.0	138.0	96.0	99.0	43.0	67.0	70.0
S40	752.0	E	109.0	134.0	126.0	87.0	100.0	54.0	72.0	70.0
S41	752.0	E	109.0	129.0	139.0	72.0	81.0	66.0	84.0	72.0
S42	751.0	E	101.0	139.0	128.0	90.0	90.0	61.0	76.0	66.0
S43	751.0	E	122.0	139.0	126.0	55.0	39.0	87.0	90.0	93.0
S44	750.0	E	116.0	148.0	141.0	91.0	72.0	51.0	73.0	58.0
S45	750.0	E	117.0	132.0	128.0	83.0	85.0	73.0	79.0	53.0
S46	749.0	E	108.0	131.0	124.0	88.0	88.0	50.0	81.0	79.0
S47	749.0	E	115.0	132.0	124.0	89.0	87.0	60.0	67.0	75.0
S48	749.0	E	114.0	139.0	129.0	92.0	75.0	61.0	74.0	65.0
S49	749.0	E	97.0	139.0	111.0	98.0	93.0	60.0	69.0	82.0
S50	747.0	E	103.0	127.0	129.0	93.0	91.0	57.0	72.0	75.0
S51	746.0	E	106.0	132.0	124.0	94.0	88.0	56.0	67.0	79.0
S52	746.0	E	107.0	145.0	128.0	93.0	91.0	60.0	60.0	62.0
S53	744.0	E	113.0	137.0	134.0	82.0	85.0	52.0	70.0	71.0
S54	743.0	E	109.0	132.0	128.0	93.0	85.0	61.0	67.0	68.0
S55	742.0	E	116.0	130.0	119.0	86.0	91.0	59.0	72.0	69.0
S56	741.0	E	111.0	137.0	130.0	93.0	90.0	51.0	68.0	61.0
S57	741.0	E	111.0	145.0	131.0	81.0	90.0	45.0	69.0	69.0
S58	741.0	E	110.0	133.0	112.0	74.0	86.0	71.0	77.0	78.0
S59	740.0	E	108.0	125.0	128.0	89.0	92.0	57.0	58.0	83.0
S60	740.0	E	103.0	139.0	121.0	95.0	94.0	50.0	67.0	71.0
S61	739.0	E	111.0	143.0	126.0	93.0	90.0	52.0	67.0	57.0
S62	738.0	E	117.0	133.0	126.0	70.0	91.0	70.0	74.0	57.0
S63	738.0	E	115.0	134.0	126.0	89.0	83.0	62.0	60.0	69.0
S64	737.0	E	97.0	146.0	134.0	90.0	90.0	51.0	58.0	71.0
S65	737.0	E	107.0	143.0	118.0	84.0	91.0	59.0	61.0	74.0
S66	737.0	E	95.0	141.0	131.0	88.0	90.0	47.0	67.0	78.0
S67	737.0	E	113.0	145.0	113.0	88.0	80.0	56.0	77.0	65.0
S68	736.0	E	101.0	144.0	114.0	78.0	90.0	59.0	74.0	76.0
S69	735.0	E	117.0	131.0	135.0	79.0	77.0	63.0	64.0	69.0
S70	735.0	E	106.0	129.0	118.0	87.0	92.0	53.0	76.0	74.0
S71	734.0	E	98.0	143.0	115.0	96.0	90.0	59.0	69.0	64.0
S72	734.0	E	102.0	122.0	138.0	90.0	87.0	57.0	59.0	79.0
S73	733.0	E	116.0	137.0	126.0	76.0	93.0	61.0	53.0	71.0
S74	733.0	E	104.0	136.0	129.0	92.0	90.0	57.0	64.0	61.0
S75	733.0	E	97.0	135.0	119.0	87.0	88.0	67.0	63.0	77.0
S76	733.0	E	120.0	133.0	127.0	87.0	85.0	51.0	64.0	66.0
S77	732.0	E	105.0	137.0	130.0	86.0	85.0	55.0	64.0	70.0
S78	732.0	E	101.0	138.0	124.0	86.0	92.0	64.0	60.0	67.0
S79	731.0	E	95.0	135.0	114.0	79.0	90.0	60.0	81.0	77.0
S80	731.0	E	116.0	129.0	132.0	84.0	86.0	60.0	71.0	53.0
S81	731.0	E	96.0	136.0	115.0	92.0	90.0	54.0	69.0	79.0
S82	730.0	E	108.0	117.0	129.0	72.0	91.0	61.0	80.0	72.0
S83	730.0	E	102.0	136.0	131.0	91.0	87.0	56.0	66.0	61.0
S84	730.0	E	112.0	133.0	123.0	69.0	81.0	61.0	82.0	69.0
S85	729.0	E	109.0	146.0	121.0	83.0	90.0	49.0	67.0	64.0
S86	727.0	E	116.0	133.0	126.0	76.0	87.0	60.0	67.0	62.0
S87	727.0	E	109.0	139.0	120.0	44.0	50.0	81.0	94.0	90.0
S88	726.0	E	102.0	143.0	125.0	84.0	94.0	54.0	71.0	53.0
S89	726.0	E	105.0	135.0	113.0	83.0	96.0	56.0	71.0	67.0
S90	726.0	E	112.0	137.0	131.0	68.0	91.0	61.0	62.0	64.0
S91	725.0	E	101.0	137.0	125.0	85.0	84.0	59.0	74.0	60.0
S92	725.0	E	123.0	143.0	134.0	41.0	36.0	82.0	83.0	83.0
S93	724.0	E	108.0	130.0	126.0	52.0	41.0	85.0	90.0	92.0
S94	723.0	E	112.0	130.0	116.0	89.0	91.0	61.0	54.0	70.0
S95	723.0	E	114.0	109.0	114.0	97.0	82.0	59.0	81.0	67.0
S96	723.0	E	105.0	137.0	114.0	79.0	83.0	67.0	63.0	75.0
S97	722.0	E	99.0	143.0	121.0	88.0	86.0	58.0	67.0	60.0
S98	722.0	E	113.0	130.0	134.0	82.0	79.0	51.0	71.0	62.0
S99	722.0	E	97.0	145.0	124.0	85.0	97.0	64.0	51.0	59.0
S100	721.0	E	106.0	121.0	133.0	88.0	83.0	61.0	69.0	60.0
S101	720.0	E	94.0	142.0	131.0	67.0	98.0	54.0	66.0	68.0
S102	720.0	E	91.0	139.0	127.0	90.0	96.0	47.0	60.0	70.0
S103	720.0	E	113.0	145.0	129.0	81.0	85.0	38.0	64.0	65.0
S104	720.0	E	113.0	139.0	139.0	65.0	87.0	55.0	57.0	65.0
S105	720.0	E	107.0	135.0	108.0	92.0	97.0	46.0	63.0	72.0
S106	719.0	E	116.0	142.0	107.0	77.0	89.0	58.0	71.0	59.0
S107	719.0	E	109.0	124.0	130.0	87.0	79.0	61.0	69.0	60.0
S108	718.0	E	105.0	130.0	129.0	77.0	88.0	48.0	72.0	69.0
S109	718.0	E	105.0	130.0	117.0	93.0	91.0	56.0	74.0	52.0
S110	717.0	E	114.0	120.0	134.0	83.0	92.0	41.0	66.0	67.0
S111	717.0	E	108.0	130.0	126.0	81.0	86.0	61.0	62.0	63.0
S112	716.0	E	96.0	133.0	113.0	87.0	88.0	66.0	73.0	60.0
S113	715.0	E	109.0	118.0	111.0	87.0	94.0	58.0	69.0	69.0
S114	715.0	E	101.0	147.0	120.0	89.0	88.0	52.0	65.0	53.0
S115	714.0	E	111.0	134.0	115.0	80.0	75.0	58.0	82.0	59.0
S116	714.0	E	112.0	121.0	127.0	87.0	94.0	52.0	60.0	61.0
S117	713.0	E	110.0	145.0	121.0	69.0	85.0	56.0	62.0	65.0
S118	713.0	E	108.0	121.0	124.0	91.0	86.0	54.0	60.0	69.0
S119	713.0	E	99.0	127.0	114.0	83.0	84.0	63.0	77.0	66.0
S120	713.0	E	97.0	141.0	123.0	97.0	93.0	50.0	58.0	54.0
S121	712.0	E	114.0	122.0	132.0	84.0	81.0	54.0	70.0	55.0
S122	712.0	E	118.0	118.0	121.0	86.0	81.0	57.0	65.0	66.0
S123	711.0	E	106.0	116.0	120.0	87.0	84.0	54.0	77.0	67.0
S124	711.0	E	120.0	131.0	133.0	69.0	65.0	55.0	67.0	71.0
S125	711.0	E	112.0	121.0	137.0	99.0	82.0	49.0	53.0	58.0
S126	711.0	E	107.0	128.0	127.0	81.0	87.0	64.0	51.0	66.0
S127	710.0	E	105.0	126.0	123.0	72.0	82.0	64.0	69.0	69.0
S128	710.0	E	116.0	141.0	115.0	67.0	74.0	56.0	73.0	68.0
S129	710.0	E	102.0	128.0	131.0	79.0	82.0	57.0	74.0	57.0
S130	710.0	E	113.0	136.0	106.0	92.0	95.0	52.0	59.0	57.0
S131	710.0	E	109.0	134.0	131.0	42.0	30.0	82.0	92.0	90.0
S132	709.0	E	102.0	128.0	108.0	78.0	87.0	56.0	72.0	78.0
S133	709.0	E	107.0	134.0	119.0	83.0	89.0	54.0	63.0	60.0
S134	709.0	E	108.0	139.0	125.0	56.0	29.0	86.0	86.0	80.0
S135	707.0	E	97.0	137.0	122.0	92.0	84.0	55.0	67.0	53.0
S136	707.0	E	116.0	136.0	121.0	77.0	82.0	52.0	69.0	54.0
S137	706.0	E	111.0	137.0	129.0	72.0	85.0	48.0	66.0	58.0
S138	706.0	E	106.0	127.0	120.0	69.0	76.0	72.0	77.0	59.0
S139	705.0	E	111.0	128.0	124.0	74.0	79.0	49.0	68.0	72.0
S140	704.0	E	109.0	102.0	118.0	82.0	86.0	73.0	60.0	74.0
S141	704.0	E	96.0	137.0	131.0	84.0	94.0	59.0	59.0	44.0
S142	704.0	E	107.0	128.0	119.0	76.0	84.0	60.0	69.0	61.0
S143	703.0	E	100.0	138.0	117.0	85.0	88.0	45.0	70.0	60.0
S144	703.0	E	113.0	139.0	111.0	65.0	83.0	58.0	63.0	71.0
S145	703.0	E	108.0	138.0	128.0	79.0	68.0	57.0	58.0	67.0
S146	702.0	E	118.0	144.0	119.0	86.0	86.0	39.0	51.0	59.0
S147	702.0	E	110.0	135.0	122.0	92.0	86.0	48.0	54.0	55.0
S148	702.0	E	116.0	129.0	126.0	59.0	79.0	60.0	69.0	64.0
S149	702.0	E	113.0	145.0	126.0	94.0	90.0	49.0	44.0	41.0
S150	701.0	E	106.0	117.0	119.0	81.0	89.0	58.0	70.0	61.0
S151	701.0	E	103.0	140.0	110.0	78.0	75.0	54.0	67.0	74.0
S152	701.0	E	102.0	141.0	118.0	73.0	82.0	49.0	64.0	72.0
S153	699.0	E	100.0	131.0	118.0	86.0	83.0	51.0	58.0	72.0
S154	699.0	E	98.0	125.0	114.0	98.0	82.0	37.0	75.0	70.0
S155	699.0	E	95.0	135.0	127.0	80.0	93.0	55.0	62.0	52.0
S156	698.0	E	98.0	123.0	129.0	93.0	92.0	42.0	64.0	57.0
S157	698.0	E	97.0	140.0	109.0	80.0	90.0	52.0	67.0	63.0
S158	697.0	E	106.0	115.0	122.0	85.0	86.0	66.0	73.0	44.0
S159	697.0	E	101.0	140.0	116.0	77.0	80.0	54.0	68.0	61.0
S160	697.0	E	107.0	128.0	106.0	85.0	79.0	61.0	75.0	56.0
S161	696.0	E	93.0	107.0	115.0	86.0	99.0	56.0	68.0	72.0
S162	695.0	E	124.0	105.0	119.0	81.0	81.0	51.0	69.0	65.0
S163	695.0	E	110.0	111.0	141.0	82.0	79.0	53.0	59.0	60.0
S164	695.0	E	118.0	123.0	130.0	42.0	41.0	81.0	81.0	79.0
S165	693.0	E	98.0	140.0	119.0	76.0	84.0	46.0	71.0	59.0
S166	693.0	E	95.0	142.0	124.0	91.0	89.0	59.0	46.0	47.0
S167	693.0	E	99.0	119.0	123.0	97.0	87.0	46.0	65.0	57.0
S168	693.0	E	98.0	136.0	125.0	93.0	75.0	48.0	64.0	54.0
S169	693.0	E	100.0	125.0	122.0	72.0	85.0	55.0	76.0	58.0
S170	693.0	E	96.0	130.0	132.0	91.0	81.0	61.0	56.0	46.0
S171	692.0	E	110.0	136.0	126.0	80.0	88.0	44.0	59.0	49.0
S172	692.0	E	103.0	122.0	123.0	86.0	81.0	58.0	60.0	59.0
S173	692.0	E	103.0	131.0	122.0	75.0	90.0	51.0	71.0	49.0
S174	692.0	E	107.0	118.0	123.0	82.0	86.0	47.0	77.0	52.0
S175	692.0	E	115.0	101.0	116.0	85.0	87.0	55.0	76.0	57.0
S176	690.0	E	98.0	122.0	114.0	80.0	88.0	75.0	62.0	51.0
S177	690.0	E	103.0	129.0	121.0	92.0	92.0	34.0	64.0	55.0
S178	690.0	E	115.0	109.0	138.0	25.0	56.0	77.0	86.0	84.0
S179	689.0	E	113.0	115.0	106.0	89.0	80.0	48.0	71.0	67.0
S180	688.0	E	100.0	143.0	121.0	93.0	94.0	39.0	58.0	40.0
S181	687.0	E	107.0	121.0	120.0	61.0	84.0	63.0	72.0	59.0
S182	687.0	E	96.0	116.0	120.0	84.0	79.0	59.0	64.0	69.0
S183	686.0	E	117.0	116.0	118.0	69.0	88.0	47.0	63.0	68.0
S184	686.0	E	112.0	144.0	130.0	28.0	15.0	83.0	87.0	87.0
S185	685.0	E	99.0	118.0	129.0	72.0	86.0	49.0	69.0	63.0
S186	684.0	E	113.0	116.0	121.0	85.0	85.0	55.0	62.0	47.0
S187	684.0	E	99.0	124.0	124.0	89.0	78.0	50.0	63.0	57.0
S188	684.0	E	105.0	133.0	122.0	89.0	85.0	46.0	60.0	44.0
S189	684.0	E	102.0	110.0	103.0	84.0	80.0	46.0	83.0	76.0
S190	684.0	E	114.0	124.0	113.0	81.0	87.0	52.0	66.0	47.0
S191	684.0	E	104.0	115.0	123.0	76.0	88.0	54.0	66.0	58.0
S192	684.0	E	106.0	137.0	118.0	84.0	74.0	45.0	65.0	55.0
S193	683.0	E	104.0	133.0	105.0	78.0	89.0	44.0	65.0	65.0
S194	683.0	E	100.0	130.0	119.0	87.0	96.0	34.0	60.0	57.0
S195	683.0	E	106.0	131.0	121.0	90.0	58.0	56.0	62.0	59.0
S196	683.0	E	103.0	148.0	118.0	72.0	80.0	57.0	53.0	52.0
S197	683.0	E	106.0	132.0	128.0	75.0	89.0	53.0	44.0	56.0
S198	683.0	E	102.0	135.0	131.0	74.0	76.0	50.0	61.0	54.0
S199	682.0	E	102.0	126.0	134.0	86.0	83.0	39.0	63.0	49.0
S200	682.0	E	113.0	124.0	131.0	72.0	78.0	51.0	61.0	52.0
S201	682.0	E	111.0	119.0	126.0	73.0	81.0	50.0	63.0	59.0
S202	682.0	E	108.0	137.0	108.0	83.0	81.0	49.0	65.0	51.0
S203	681.0	E	105.0	108.0	113.0	91.0	82.0	44.0	65.0	73.0
S204	681.0	E	94.0	122.0	104.0	88.0	86.0	47.0	68.0	72.0
S205	680.0	E	112.0	104.0	124.0	84.0	81.0	50.0	71.0	54.0
S206	680.0	E	109.0	120.0	131.0	85.0	81.0	52.0	56.0	46.0
S207	679.0	E	103.0	114.0	119.0	59.0	85.0	54.0	79.0	66.0
S208	679.0	E	113.0	131.0	119.0	81.0	90.0	35.0	60.0	50.0
S209	677.0	E	109.0	131.0	122.0	87.0	81.0	51.0	52.0	44.0
S210	677.0	E	107.0	131.0	118.0	77.0	76.0	42.0	73.0	53.0
S211	676.0	E	116.0	126.0	128.0	95.0	72.0	34.0	65.0	40.0
S212	676.0	E	110.0	131.0	116.0	84.0	66.0	51.0	63.0	55.0
S213	676.0	E	96.0	143.0	112.0	92.0	89.0	33.0	63.0	48.0
S214	675.0	E	100.0	115.0	132.0	75.0	74.0	50.0	65.0	64.0
S215	675.0	E	110.0	105.0	124.0	80.0	77.0	64.0	53.0	62.0
S216	675.0	E	104.0	125.0	133.0	74.0	73.0	50.0	63.0	53.0
S217	675.0	E	118.0	116.0	113.0	37.0	36.0	84.0	83.0	88.0
S218	675.0	E	107.0	139.0	114.0	58.0	43.0	66.0	69.0	79.0
S219	674.0	E	111.0	100.0	121.0	66.0	86.0	60.0	63.0	67.0
S220	673.0	E	103.0	104.0	121.0	64.0	73.0	66.0	70.0	72.0
S221	673.0	E	90.0	128.0	108.0	78.0	84.0	50.0	77.0	58.0
S222	673.0	E	107.0	127.0	128.0	74.0	95.0	43.0	69.0	30.0
S223	672.0	E	97.0	131.0	112.0	81.0	78.0	41.0	75.0	57.0
S224	671.0	E	104.0	124.0	120.0	68.0	81.0	46.0	60.0	68.0
S225	671.0	E	105.0	129.0	114.0	73.0	74.0	61.0	64.0	51.0
S226	671.0	E	108.0	122.0	128.0	36.0	35.0	82.0	79.0	81.0
S227	670.0	E	104.0	112.0	117.0	77.0	78.0	67.0	64.0	51.0
S228	669.0	E	92.0	103.0	114.0	83.0	84.0	47.0	78.0	68.0
S229	669.0	E	100.0	144.0	86.0	89.0	94.0	41.0	47.0	68.0
S230	669.0	E	94.0	119.0	100.0	80.0	98.0	46.0	66.0	66.0
S231	669.0	E	96.0	133.0	113.0	95.0	84.0	33.0	55.0	60.0
S232	669.0	E	103.0	138.0	81.0	83.0	81.0	47.0	66.0	70.0
S233	668.0	E	114.0	148.0	107.0	89.0	80.0	40.0	40.0	50.0
S234	668.0	E	103.0	128.0	118.0	87.0	75.0	45.0	52.0	60.0
S235	668.0	E	110.0	137.0	133.0	34.0	37.0	74.0	66.0	77.0
S236	667.0	E	95.0	130.0	116.0	68.0	87.0	52.0	69.0	50.0
S237	667.0	E	111.0	140.0	109.0	87.0	88.0	49.0	55.0	28.0
S238	667.0	E	109.0	121.0	120.0	20.0	40.0	75.0	90.0	92.0
S239	666.0	E	106.0	107.0	86.0	79.0	89.0	61.0	78.0	60.0
S240	666.0	E	109.0	107.0	136.0	92.0	80.0	47.0	53.0	42.0
S241	666.0	E	96.0	134.0	119.0	90.0	81.0	38.0	52.0	56.0
S242	666.0	E	111.0	123.0	120.0	76.0	92.0	38.0	60.0	46.0
S243	665.0	E	101.0	117.0	118.0	80.0	83.0	50.0	59.0	57.0
S244	665.0	E	99.0	106.0	129.0	92.0	94.0	37.0	68.0	40.0
S245	665.0	E	114.0	118.0	125.0	87.0	74.0	45.0	54.0	48.0
S246	665.0	E	100.0	113.0	124.0	93.0	81.0	41.0	65.0	48.0
S247	665.0	E	96.0	130.0	108.0	69.0	92.0	44.0	68.0	58.0
S248	665.0	E	113.0	115.0	132.0	37.0	42.0	71.0	77.0	78.0
S249	665.0	E	115.0	125.0	112.0	32.0	33.0	78.0	85.0	85.0
S250	664.0	E	106.0	111.0	124.0	73.0	76.0	52.0	57.0	65.0
S251	664.0	E	113.0	119.0	121.0	67.0	71.0	65.0	49.0	59.0
S252	664.0	E	111.0	132.0	121.0	86.0	85.0	38.0	47.0	44.0
S253	664.0	E	99.0	125.0	105.0	79.0	83.0	42.0	64.0	67.0
S254	664.0	E	104.0	126.0	118.0	41.0	28.0	86.0	75.0	86.0
S255	663.0	E	109.0	139.0	99.0	65.0	77.0	52.0	54.0	68.0
S256	663.0	E	101.0	122.0	127.0	56.0	81.0	48.0	65.0	63.0
S257	663.0	E	107.0	115.0	99.0	62.0	94.0	44.0	67.0	75.0
S258	663.0	E	114.0	137.0	113.0	93.0	74.0	29.0	50.0	53.0
S259	663.0	E	108.0	126.0	99.0	70.0	84.0	42.0	80.0	54.0
S260	663.0	E	105.0	129.0	104.0	80.0	80.0	42.0	60.0	63.0
S261	662.0	E	102.0	122.0	122.0	65.0	80.0	47.0	67.0	57.0
S262	662.0	E	107.0	118.0	111.0	68.0	85.0	54.0	62.0	57.0
S263	662.0	E	109.0	96.0	129.0	65.0	89.0	35.0	67.0	72.0
S264	662.0	E	99.0	103.0	127.0	36.0	46.0	82.0	86.0	83.0
S265	661.0	E	111.0	126.0	108.0	71.0	86.0	47.0	49.0	63.0
S266	661.0	E	95.0	119.0	111.0	71.0	83.0	52.0	60.0	70.0
S267	661.0	E	95.0	137.0	105.0	78.0	82.0	48.0	59.0	57.0
S268	661.0	E	111.0	115.0	105.0	85.0	77.0	41.0	67.0	60.0
S269	660.0	E	99.0	119.0	115.0	93.0	82.0	41.0	57.0	54.0
S270	660.0	E	114.0	111.0	117.0	89.0	75.0	42.0	68.0	44.0
S271	660.0	E	108.0	111.0	115.0	38.0	47.0	76.0	77.0	88.0
S272	660.0	E	108.0	125.0	128.0	27.0	30.0	79.0	83.0	80.0
S273	659.0	E	103.0	112.0	116.0	71.0	84.0	60.0	59.0	54.0
S274	659.0	E	115.0	116.0	111.0	75.0	85.0	50.0	43.0	64.0
S275	659.0	E	101.0	128.0	106.0	78.0	77.0	46.0	71.0	52.0
S276	659.0	E	108.0	126.0	130.0	86.0	73.0	42.0	46.0	48.0
S277	658.0	E	117.0	128.0	106.0	81.0	77.0	45.0	55.0	49.0
S278	658.0	E	102.0	135.0	114.0	83.0	85.0	37.0	56.0	46.0
S279	658.0	E	109.0	109.0	116.0	78.0	87.0	49.0	58.0	52.0
S280	658.0	E	93.0	130.0	126.0	77.0	78.0	43.0	62.0	49.0
S281	657.0	E	111.0	101.0	96.0	62.0	83.0	63.0	71.0	70.0
S282	657.0	E	107.0	116.0	130.0	84.0	69.0	43.0	59.0	49.0
S283	657.0	E	113.0	125.0	129.0	82.0	81.0	33.0	59.0	35.0
S284	657.0	E	108.0	131.0	112.0	77.0	77.0	50.0	57.0	45.0
S285	657.0	E	102.0	76.0	117.0	71.0	86.0	54.0	78.0	73.0
S286	657.0	E	102.0	105.0	107.0	76.0	77.0	52.0	70.0	68.0
S287	657.0	E	100.0	128.0	113.0	68.0	77.0	45.0	57.0	69.0
S288	657.0	E	87.0	119.0	106.0	83.0	81.0	51.0	58.0	72.0
S289	657.0	E	110.0	105.0	111.0	42.0	35.0	86.0	83.0	85.0
S290	656.0	E	109.0	96.0	127.0	89.0	77.0	44.0	64.0	50.0
S291	656.0	E	107.0	114.0	115.0	79.0	57.0	44.0	74.0	66.0
S292	656.0	E	94.0	125.0	129.0	66.0	58.0	55.0	61.0	68.0
S293	656.0	E	103.0	110.0	111.0	79.0	73.0	51.0	69.0	60.0
S294	656.0	E	106.0	120.0	118.0	87.0	66.0	38.0	67.0	54.0
S295	655.0	E	105.0	110.0	126.0	74.0	84.0	51.0	61.0	44.0
S296	655.0	E	92.0	129.0	106.0	87.0	86.0	41.0	62.0	52.0
S297	655.0	E	104.0	100.0	103.0	84.0	87.0	45.0	71.0	61.0
S298	655.0	E	102.0	130.0	120.0	88.0	72.0	51.0	54.0	38.0
S299	655.0	E	92.0	130.0	103.0	89.0	86.0	37.0	55.0	63.0
S300	654.0	E	102.0	124.0	111.0	61.0	72.0	46.0	80.0	58.0
S301	654.0	E	112.0	119.0	126.0	75.0	87.0	39.0	57.0	39.0
S302	654.0	E	103.0	129.0	105.0	91.0	92.0	38.0	42.0	54.0
S303	653.0	E	102.0	114.0	116.0	67.0	69.0	47.0	77.0	61.0
S304	652.0	E	108.0	132.0	103.0	73.0	71.0	54.0	54.0	57.0
S305	652.0	E	116.0	107.0	111.0	88.0	73.0	50.0	62.0	45.0
S306	652.0	E	117.0	99.0	127.0	36.0	25.0	79.0	81.0	88.0
S307	652.0	E	96.0	121.0	128.0	40.0	41.0	74.0	69.0	83.0
S308	651.0	E	98.0	102.0	121.0	73.0	73.0	42.0	73.0	69.0
S309	651.0	E	109.0	117.0	124.0	70.0	90.0	47.0	55.0	39.0
S310	651.0	E	96.0	116.0	104.0	81.0	83.0	40.0	68.0	63.0
S311	651.0	E	105.0	119.0	119.0	76.0	72.0	48.0	72.0	40.0
S312	651.0	E	100.0	134.0	123.0	79.0	87.0	38.0	56.0	34.0
S313	650.0	E	105.0	90.0	104.0	82.0	78.0	61.0	65.0	65.0
S314	649.0	E	106.0	106.0	108.0	87.0	72.0	53.0	65.0	52.0
S315	649.0	E	109.0	101.0	127.0	71.0	83.0	51.0	68.0	39.0
S316	649.0	E	104.0	104.0	117.0	86.0	87.0	40.0	53.0	58.0
S317	648.0	E	86.0	118.0	124.0	83.0	87.0	38.0	55.0	57.0
S318	648.0	E	105.0	112.0	121.0	66.0	70.0	56.0	60.0	58.0
S319	648.0	E	105.0	112.0	121.0	75.0	79.0	46.0	65.0	45.0
S320	647.0	E	106.0	115.0	101.0	91.0	74.0	52.0	61.0	47.0
S321	647.0	E	91.0	128.0	108.0	78.0	69.0	49.0	70.0	54.0
S322	647.0	E	108.0	121.0	113.0	67.0	78.0	51.0	61.0	48.0
S323	647.0	E	108.0	118.0	128.0	33.0	36.0	66.0	74.0	84.0
S324	646.0	E	88.0	120.0	114.0	84.0	69.0	45.0	62.0	64.0
S325	646.0	E	119.0	129.0	113.0	57.0	68.0	48.0	72.0	40.0
S326	645.0	E	107.0	105.0	118.0	74.0	79.0	48.0	68.0	46.0
S327	645.0	E	107.0	114.0	118.0	79.0	71.0	40.0	68.0	48.0
S328	645.0	E	101.0	123.0	116.0	79.0	76.0	44.0	60.0	46.0
S329	645.0	E	114.0	95.0	126.0	76.0	71.0	57.0	61.0	45.0
S330	645.0	E	107.0	93.0	126.0	79.0	51.0	64.0	66.0	59.0
S331	645.0	E	92.0	114.0	121.0	85.0	60.0	53.0	61.0	59.0
S332	645.0	E	98.0	112.0	88.0	77.0	81.0	51.0	71.0	67.0
S333	644.0	E	95.0	122.0	93.0	87.0	88.0	46.0	60.0	53.0
S334	644.0	E	97.0	104.0	123.0	86.0	81.0	43.0	60.0	50.0
S335	644.0	E	102.0	113.0	116.0	81.0	75.0	50.0	65.0	42.0
S336	644.0	E	99.0	95.0	121.0	83.0	86.0	51.0	48.0	61.0
S337	644.0	E	107.0	118.0	117.0	89.0	85.0	40.0	56.0	32.0
S338	644.0	E	100.0	131.0	111.0	85.0	91.0	34.0	40.0	52.0
S339	644.0	E	106.0	114.0	110.0	73.0	88.0	43.0	54.0	56.0
S340	644.0	E	103.0	128.0	111.0	77.0	65.0	48.0	64.0	48.0
S341	644.0	E	108.0	128.0	122.0	97.0	74.0	42.0	50.0	23.0
S342	643.0	E	107.0	100.0	112.0	79.0	93.0	45.0	56.0	51.0
S343	643.0	E	101.0	111.0	113.0	60.0	76.0	57.0	72.0	53.0
S344	643.0	E	104.0	116.0	107.0	89.0	85.0	43.0	61.0	38.0
S345	643.0	E	103.0	108.0	113.0	89.0	82.0	43.0	57.0	48.0
S346	643.0	E	102.0	121.0	103.0	70.0	76.0	53.0	72.0	46.0
S347	642.0	E	95.0	137.0	106.0	98.0	86.0	33.0	41.0	46.0
S348	642.0	E	109.0	106.0	124.0	87.0	67.0	42.0	59.0	48.0
S349	642.0	E	96.0	131.0	105.0	72.0	76.0	45.0	65.0	52.0
S350	642.0	E	99.0	112.0	121.0	64.0	62.0	58.0	68.0	58.0
S351	642.0	E	105.0	125.0	126.0	87.0	65.0	54.0	45.0	35.0
S352	641.0	E	106.0	120.0	111.0	73.0	86.0	40.0	57.0	48.0
S353	641.0	E	111.0	125.0	114.0	79.0	71.0	50.0	48.0	43.0
S354	641.0	E	95.0	128.0	120.0	71.0	77.0	45.0	57.0	48.0
S355	641.0	E	111.0	117.0	120.0	68.0	77.0	54.0	47.0	47.0
S356	641.0	E	102.0	118.0	119.0	75.0	64.0	52.0	60.0	51.0
S357	641.0	E	104.0	108.0	112.0	69.0	82.0	46.0	59.0	61.0
S358	641.0	E	103.0	126.0	106.0	97.0	91.0	33.0	53.0	32.0
S359	641.0	E	118.0	113.0	112.0	24.0	31.0	78.0	81.0	84.0
S360	640.0	E	111.0	95.0	116.0	70.0	80.0	42.0	66.0	60.0
S361	640.0	E	107.0	110.0	118.0	74.0	72.0	43.0	74.0	42.0
S362	639.0	E	104.0	110.0	120.0	82.0	72.0	41.0	58.0	52.0
S363	639.0	E	105.0	122.0	115.0	73.0	63.0	54.0	51.0	56.0
S364	639.0	E	101.0	93.0	124.0	77.0	75.0	43.0	63.0	63.0
S365	639.0	E	106.0	116.0	121.0	62.0	79.0	46.0	64.0	45.0
S366	639.0	E	107.0	128.0	108.0	80.0	78.0	39.0	62.0	37.0
S367	638.0	E	113.0	88.0	106.0	73.0	78.0	48.0	66.0	66.0
S368	638.0	E	102.0	122.0	76.0	74.0	82.0	44.0	65.0	73.0
S369	638.0	E	118.0	96.0	124.0	65.0	88.0	46.0	48.0	53.0
S370	638.0	E	105.0	106.0	111.0	82.0	90.0	42.0	50.0	52.0
S371	638.0	E	93.0	138.0	89.0	78.0	83.0	42.0	60.0	55.0
S372	638.0	E	96.0	134.0	109.0	78.0	70.0	36.0	67.0	48.0
S373	638.0	E	104.0	110.0	115.0	71.0	80.0	46.0	67.0	45.0
S374	638.0	E	104.0	128.0	99.0	20.0	33.0	79.0	83.0	92.0
S375	637.0	E	100.0	99.0	116.0	76.0	85.0	45.0	65.0	51.0
S376	637.0	E	98.0	124.0	119.0	89.0	70.0	48.0	43.0	46.0
S377	637.0	E	108.0	118.0	113.0	56.0	84.0	41.0	55.0	62.0
S378	637.0	E	112.0	108.0	129.0	36.0	28.0	76.0	61.0	87.0
S379	637.0	E	112.0	113.0	125.0	23.0	28.0	71.0	78.0	87.0
S380	636.0	E	112.0	109.0	121.0	74.0	64.0	47.0	60.0	49.0
S381	636.0	E	106.0	109.0	93.0	86.0	61.0	56.0	61.0	64.0
S382	636.0	E	107.0	109.0	126.0	79.0	74.0	35.0	57.0	49.0
S383	635.0	E	106.0	101.0	106.0	84.0	85.0	62.0	46.0	45.0
S384	635.0	E	89.0	122.0	114.0	63.0	76.0	56.0	66.0	49.0
S385	635.0	E	104.0	122.0	128.0	74.0	76.0	37.0	45.0	49.0
S386	635.0	E	110.0	89.0	101.0	73.0	56.0	60.0	83.0	63.0
S387	635.0	E	111.0	118.0	116.0	79.0	73.0	37.0	62.0	39.0
S388	635.0	E	108.0	125.0	122.0	54.0	67.0	36.0	69.0	54.0
S389	635.0	E	103.0	106.0	124.0	71.0	78.0	42.0	59.0	52.0
S390	634.0	E	100.0	122.0	115.0	87.0	81.0	37.0	43.0	49.0
S391	634.0	E	97.0	126.0	119.0	73.0	80.0	47.0	54.0	38.0
S392	634.0	E	114.0	128.0	101.0	79.0	60.0	43.0	63.0	46.0
S393	634.0	E	103.0	103.0	123.0	76.0	75.0	42.0	60.0	52.0
S394	633.0	E	107.0	114.0	135.0	61.0	58.0	63.0	59.0	36.0
S395	632.0	E	104.0	122.0	114.0	79.0	61.0	45.0	57.0	50.0
S396	632.0	E	99.0	121.0	114.0	83.0	71.0	43.0	59.0	42.0
S397	632.0	E	103.0	122.0	124.0	67.0	68.0	39.0	62.0	47.0
S398	632.0	E	107.0	119.0	123.0	70.0	83.0	32.0	54.0	44.0
S399	631.0	E	105.0	82.0	105.0	74.0	84.0	53.0	79.0	49.0
S400	631.0	E	111.0	77.0	118.0	70.0	65.0	54.0	66.0	70.0
S401	631.0	E	108.0	103.0	114.0	70.0	78.0	46.0	56.0	56.0
S402	631.0	E	104.0	127.0	109.0	70.0	82.0	39.0	49.0	51.0
S403	631.0	E	113.0	105.0	121.0	28.0	29.0	79.0	73.0	83.0
S404	630.0	E	108.0	144.0	106.0	74.0	73.0	31.0	59.0	35.0
S405	630.0	E	102.0	126.0	107.0	61.0	81.0	53.0	46.0	54.0
S406	629.0	E	105.0	108.0	111.0	71.0	73.0	57.0	54.0	50.0
S407	629.0	E	105.0	140.0	110.0	44.0	71.0	45.0	68.0	46.0
S408	629.0	E	106.0	118.0	120.0	72.0	65.0	33.0	68.0	47.0
S409	629.0	E	98.0	128.0	105.0	72.0	68.0	33.0	74.0	51.0
S410	628.0	E	108.0	112.0	116.0	76.0	69.0	47.0	53.0	47.0
S411	628.0	E	94.0	132.0	108.0	68.0	80.0	37.0	61.0	48.0
S412	628.0	E	102.0	118.0	114.0	64.0	92.0	41.0	52.0	45.0
S413	628.0	E	110.0	143.0	94.0	72.0	82.0	42.0	53.0	32.0
S414	628.0	E	108.0	94.0	113.0	32.0	29.0	79.0	85.0	88.0
S415	627.0	E	106.0	113.0	115.0	82.0	61.0	38.0	62.0	50.0
S416	627.0	E	102.0	112.0	107.0	62.0	71.0	51.0	64.0	58.0
S417	627.0	E	100.0	124.0	99.0	80.0	77.0	44.0	49.0	54.0
S418	627.0	E	116.0	106.0	126.0	56.0	70.0	50.0	57.0	46.0
S419	627.0	E	102.0	110.0	106.0	82.0	79.0	36.0	54.0	58.0
S420	626.0	E	107.0	118.0	122.0	62.0	58.0	34.0	68.0	57.0
S421	626.0	E	94.0	133.0	128.0	75.0	68.0	23.0	45.0	60.0
S422	626.0	E	103.0	113.0	100.0	72.0	83.0	41.0	59.0	55.0
S423	625.0	E	98.0	131.0	121.0	79.0	70.0	45.0	37.0	44.0
S424	625.0	E	99.0	105.0	109.0	82.0	58.0	40.0	71.0	61.0
S425	625.0	E	116.0	95.0	109.0	71.0	67.0	56.0	48.0	63.0
S426	625.0	E	89.0	125.0	93.0	79.0	80.0	45.0	52.0	62.0
S427	625.0	E	109.0	122.0	123.0	75.0	73.0	31.0	52.0	40.0
S428	625.0	E	96.0	134.0	99.0	74.0	66.0	48.0	53.0	55.0
S429	625.0	E	111.0	87.0	129.0	32.0	38.0	67.0	69.0	92.0
S430	624.0	E	122.0	102.0	111.0	50.0	74.0	40.0	73.0	52.0
S431	624.0	E	96.0	132.0	118.0	77.0	62.0	42.0	55.0	42.0
S432	624.0	E	104.0	110.0	133.0	81.0	55.0	43.0	60.0	38.0
S433	624.0	E	107.0	93.0	127.0	61.0	67.0	54.0	65.0	50.0
S434	624.0	E	105.0	86.0	112.0	69.0	79.0	50.0	69.0	54.0
S435	624.0	E	75.0	107.0	121.0	87.0	86.0	41.0	52.0	55.0
S436	623.0	E	103.0	101.0	107.0	73.0	79.0	58.0	56.0	46.0
S437	623.0	E	105.0	123.0	116.0	49.0	77.0	40.0	53.0	60.0
S438	623.0	E	103.0	100.0	109.0	50.0	77.0	49.0	68.0	67.0
S439	623.0	E	97.0	133.0	128.0	73.0	67.0	35.0	55.0	35.0
S440	623.0	E	105.0	110.0	103.0	80.0	82.0	44.0	52.0	47.0
S441	623.0	E	108.0	121.0	118.0	95.0	74.0	35.0	57.0	15.0
S442	623.0	E	106.0	97.0	115.0	26.0	35.0	83.0	76.0	85.0
S443	622.0	E	91.0	117.0	119.0	58.0	91.0	41.0	60.0	45.0
S444	622.0	E	104.0	127.0	114.0	66.0	70.0	36.0	59.0	46.0
S445	622.0	E	96.0	115.0	113.0	62.0	70.0	40.0	64.0	62.0
S446	622.0	E	112.0	94.0	124.0	23.0	33.0	74.0	79.0	83.0
S447	621.0	E	98.0	133.0	88.0	78.0	65.0	39.0	63.0	57.0
S448	621.0	E	111.0	128.0	100.0	70.0	65.0	45.0	61.0	41.0
S449	621.0	E	106.0	116.0	113.0	79.0	67.0	47.0	62.0	31.0
S450	620.0	E	108.0	114.0	118.0	79.0	70.0	37.0	50.0	44.0
S451	620.0	E	103.0	97.0	124.0	56.0	80.0	46.0	66.0	48.0
S452	620.0	E	105.0	117.0	104.0	79.0	78.0	34.0	64.0	39.0
S453	619.0	E	100.0	100.0	124.0	90.0	71.0	38.0	53.0	43.0
S454	619.0	E	102.0	110.0	111.0	81.0	69.0	45.0	61.0	40.0
S455	619.0	E	105.0	115.0	114.0	65.0	70.0	46.0	60.0	44.0
S456	619.0	E	105.0	118.0	108.0	67.0	77.0	33.0	58.0	53.0
S457	619.0	E	112.0	112.0	111.0	61.0	73.0	43.0	67.0	40.0
S458	619.0	E	112.0	112.0	121.0	64.0	73.0	41.0	51.0	45.0
S459	619.0	E	112.0	101.0	124.0	46.0	28.0	57.0	73.0	78.0
S460	618.0	E	109.0	115.0	124.0	62.0	66.0	41.0	58.0	43.0
S461	618.0	E	97.0	111.0	118.0	79.0	71.0	39.0	57.0	46.0
S462	618.0	E	107.0	104.0	111.0	73.0	81.0	55.0	55.0	32.0
S463	618.0	E	88.0	116.0	110.0	81.0	73.0	42.0	57.0	51.0
S464	618.0	E	97.0	114.0	124.0	25.0	23.0	75.0	75.0	85.0
S465	617.0	E	102.0	119.0	116.0	64.0	66.0	41.0	50.0	59.0
S466	617.0	E	103.0	109.0	96.0	72.0	76.0	53.0	61.0	47.0
S467	617.0	E	94.0	89.0	129.0	66.0	80.0	55.0	51.0	53.0
S468	617.0	E	103.0	100.0	111.0	56.0	79.0	56.0	65.0	47.0
S469	616.0	E	102.0	105.0	116.0	73.0	88.0	34.0	51.0	47.0
S470	616.0	E	108.0	99.0	100.0	72.0	63.0	57.0	62.0	55.0
S471	616.0	E	104.0	108.0	114.0	63.0	61.0	58.0	62.0	46.0
S472	616.0	E	103.0	112.0	114.0	70.0	78.0	36.0	55.0	48.0
S473	616.0	E	94.0	121.0	112.0	32.0	31.0	71.0	79.0	76.0
S474	616.0	E	110.0	96.0	118.0	16.0	28.0	81.0	83.0	84.0
S475	615.0	E	106.0	109.0	118.0	80.0	72.0	31.0	51.0	48.0
S476	615.0	E	103.0	121.0	106.0	77.0	63.0	43.0	44.0	58.0
S477	615.0	E	103.0	120.0	111.0	69.0	77.0	35.0	58.0	42.0
S478	615.0	E	112.0	88.0	126.0	78.0	71.0	49.0	62.0	29.0
S479	615.0	E	115.0	99.0	118.0	70.0	70.0	40.0	49.0	54.0
S480	615.0	E	85.0	115.0	111.0	75.0	82.0	38.0	61.0	48.0
S481	615.0	E	106.0	129.0	110.0	78.0	72.0	31.0	46.0	43.0
S482	614.0	E	108.0	112.0	110.0	76.0	83.0	46.0	46.0	33.0
S483	614.0	E	93.0	103.0	121.0	79.0	83.0	51.0	52.0	32.0
S484	614.0	E	105.0	112.0	106.0	75.0	70.0	44.0	60.0	42.0
S485	614.0	E	114.0	96.0	104.0	64.0	52.0	52.0	78.0	54.0
S486	614.0	E	109.0	117.0	124.0	50.0	60.0	49.0	61.0	44.0
S487	614.0	E	99.0	130.0	110.0	70.0	76.0	34.0	56.0	39.0
S488	614.0	E	104.0	110.0	116.0	83.0	58.0	41.0	56.0	46.0
S489	614.0	E	118.0	84.0	140.0	29.0	20.0	70.0	75.0	78.0
S490	613.0	E	110.0	86.0	126.0	48.0	69.0	48.0	67.0	59.0
S491	613.0	E	101.0	108.0	119.0	57.0	68.0	48.0	65.0	47.0
S492	613.0	E	94.0	95.0	108.0	71.0	70.0	55.0	58.0	62.0
S493	613.0	E	98.0	137.0	105.0	61.0	81.0	35.0	55.0	41.0
S494	613.0	E	93.0	96.0	113.0	74.0	87.0	42.0	57.0	51.0
S495	613.0	E	103.0	101.0	112.0	76.0	71.0	35.0	61.0	54.0
S496	613.0	E	84.0	124.0	105.0	76.0	80.0	40.0	64.0	40.0
S497	613.0	E	86.0	139.0	100.0	73.0	84.0	36.0	52.0	43.0
S498	613.0	E	106.0	112.0	120.0	18.0	34.0	76.0	75.0	72.0
S499	612.0	E	94.0	108.0	89.0	73.0	77.0	51.0	56.0	64.0
S500	612.0	E	111.0	117.0	105.0	82.0	93.0	34.0	44.0	26.0
S501	612.0	E	92.0	122.0	93.0	86.0	75.0	48.0	44.0	52.0
S502	612.0	E	106.0	101.0	97.0	44.0	30.0	78.0	81.0	75.0
S503	612.0	E	107.0	123.0	109.0	36.0	34.0	64.0	66.0	73.0
S504	611.0	E	97.0	101.0	110.0	62.0	52.0	55.0	66.0	68.0
S505	611.0	E	110.0	120.0	96.0	80.0	70.0	39.0	50.0	46.0
S506	611.0	E	92.0	110.0	113.0	73.0	74.0	48.0	55.0	46.0
S507	611.0	E	91.0	93.0	123.0	71.0	78.0	43.0	60.0	52.0
S508	611.0	E	106.0	110.0	103.0	74.0	60.0	43.0	64.0	51.0
S509	611.0	E	110.0	99.0	113.0	16.0	24.0	75.0	85.0	89.0
S510	610.0	E	108.0	102.0	105.0	86.0	67.0	43.0	47.0	52.0
S511	610.0	E	114.0	96.0	123.0	72.0	54.0	49.0	56.0	46.0
S512	610.0	E	94.0	100.0	96.0	67.0	69.0	56.0	63.0	65.0
S513	610.0	E	89.0	123.0	125.0	77.0	59.0	45.0	52.0	40.0
S514	610.0	E	107.0	116.0	118.0	16.0	29.0	66.0	71.0	87.0
S515	609.0	E	104.0	101.0	128.0	72.0	70.0	32.0	57.0	45.0
S516	609.0	E	94.0	112.0	114.0	68.0	62.0	55.0	61.0	43.0
S517	609.0	E	105.0	112.0	122.0	54.0	77.0	50.0	40.0	49.0
S518	609.0	E	109.0	108.0	102.0	73.0	81.0	38.0	55.0	43.0
S519	608.0	E	106.0	99.0	122.0	62.0	57.0	48.0	66.0	48.0
S520	608.0	E	99.0	82.0	122.0	68.0	62.0	50.0	75.0	50.0
S521	608.0	E	101.0	121.0	113.0	92.0	52.0	37.0	51.0	41.0
S522	608.0	E	101.0	104.0	112.0	84.0	67.0	36.0	59.0	45.0
S523	608.0	E	105.0	100.0	123.0	72.0	65.0	36.0	59.0	48.0
S524	608.0	E	105.0	123.0	108.0	61.0	55.0	50.0	58.0	48.0
S525	607.0	E	103.0	86.0	105.0	69.0	90.0	40.0	61.0	53.0
S526	607.0	E	97.0	103.0	121.0	49.0	85.0	46.0	58.0	48.0
S527	607.0	E	113.0	89.0	117.0	69.0	74.0	41.0	52.0	52.0
S528	607.0	E	96.0	113.0	112.0	75.0	60.0	47.0	58.0	46.0
S529	607.0	E	115.0	90.0	121.0	17.0	41.0	73.0	74.0	76.0
S530	606.0	E	102.0	118.0	103.0	65.0	55.0	63.0	57.0	43.0
S531	606.0	E	108.0	86.0	108.0	74.0	76.0	48.0	56.0	50.0
S532	606.0	E	108.0	101.0	111.0	77.0	65.0	34.0	69.0	41.0
S533	606.0	E	98.0	114.0	83.0	75.0	68.0	48.0	66.0	54.0
S534	606.0	E	99.0	121.0	95.0	72.0	59.0	45.0	61.0	54.0
S535	606.0	E	109.0	80.0	105.0	36.0	39.0	68.0	87.0	82.0
S536	605.0	E	103.0	114.0	108.0	78.0	87.0	38.0	56.0	21.0
S537	605.0	E	104.0	118.0	119.0	81.0	59.0	40.0	50.0	34.0
S538	605.0	E	105.0	98.0	114.0	80.0	74.0	45.0	54.0	35.0
S539	605.0	E	106.0	126.0	119.0	66.0	54.0	27.0	57.0	50.0
S540	604.0	E	96.0	118.0	115.0	69.0	61.0	34.0	59.0	52.0
S541	604.0	E	104.0	98.0	68.0	79.0	87.0	43.0	65.0	60.0
S542	604.0	E	105.0	104.0	122.0	78.0	66.0	37.0	51.0	41.0
S543	604.0	E	96.0	109.0	116.0	79.0	71.0	38.0	51.0	44.0
S544	604.0	E	95.0	128.0	114.0	70.0	70.0	39.0	52.0	36.0
S545	604.0	E	107.0	120.0	132.0	80.0	57.0	38.0	43.0	27.0
S546	604.0	E	111.0	86.0	123.0	34.0	35.0	59.0	74.0	82.0
S547	604.0	E	110.0	107.0	120.0	22.0	11.0	68.0	88.0	78.0
S548	603.0	E	108.0	71.0	93.0	66.0	64.0	52.0	72.0	77.0
S549	603.0	E	107.0	96.0	119.0	64.0	53.0	47.0	63.0	54.0
S550	603.0	E	106.0	108.0	114.0	62.0	58.0	46.0	59.0	50.0
S551	603.0	E	108.0	105.0	111.0	58.0	76.0	34.0	64.0	47.0
S552	603.0	E	103.0	123.0	91.0	81.0	79.0	42.0	36.0	48.0
S553	603.0	E	118.0	93.0	118.0	49.0	66.0	54.0	64.0	41.0
S554	603.0	E	103.0	85.0	126.0	18.0	40.0	65.0	77.0	89.0
S555	602.0	E	102.0	107.0	112.0	50.0	70.0	36.0	67.0	58.0
S556	602.0	E	104.0	121.0	109.0	63.0	85.0	31.0	50.0	39.0
S557	601.0	E	104.0	95.0	118.0	59.0	57.0	60.0	65.0	43.0
S558	601.0	E	109.0	112.0	110.0	60.0	69.0	49.0	50.0	42.0
S559	601.0	E	99.0	99.0	105.0	73.0	76.0	55.0	48.0	46.0
S560	601.0	E	95.0	108.0	89.0	76.0	74.0	40.0	67.0	52.0
S561	601.0	E	81.0	126.0	99.0	85.0	79.0	34.0	46.0	51.0
S562	601.0	E	95.0	102.0	108.0	67.0	86.0	38.0	50.0	55.0
S563	601.0	E	103.0	110.0	108.0	28.0	27.0	71.0	73.0	81.0
S564	600.0	E	103.0	107.0	116.0	57.0	79.0	34.0	62.0	42.0
S565	600.0	E	102.0	108.0	106.0	73.0	79.0	44.0	57.0	31.0
S566	600.0	E	106.0	144.0	88.0	84.0	47.0	39.0	54.0	38.0
S567	600.0	E	103.0	88.0	114.0	64.0	82.0	42.0	52.0	55.0
S568	600.0	E	105.0	108.0	111.0	62.0	49.0	37.0	58.0	70.0
S569	600.0	E	103.0	88.0	110.0	21.0	35.0	81.0	79.0	83.0
S570	600.0	E	109.0	93.0	126.0	16.0	27.0	76.0	67.0	86.0
S571	599.0	E	101.0	101.0	101.0	75.0	64.0	37.0	61.0	59.0
S572	599.0	E	118.0	78.0	113.0	56.0	56.0	57.0	70.0	51.0
S573	599.0	E	107.0	89.0	123.0	74.0	66.0	39.0	63.0	38.0
S574	599.0	E	106.0	92.0	123.0	52.0	55.0	47.0	78.0	46.0
S575	598.0	E	105.0	95.0	116.0	68.0	72.0	33.0	62.0	47.0
S576	598.0	E	86.0	128.0	109.0	81.0	77.0	36.0	45.0	36.0
S577	598.0	E	83.0	118.0	69.0	78.0	80.0	59.0	57.0	54.0
S578	598.0	E	114.0	108.0	118.0	47.0	57.0	61.0	55.0	38.0
S579	597.0	E	91.0	112.0	111.0	77.0	76.0	31.0	61.0	38.0
S580	597.0	E	118.0	106.0	111.0	51.0	64.0	48.0	51.0	48.0
S581	597.0	E	104.0	85.0	100.0	76.0	63.0	42.0	71.0	56.0
S582	597.0	E	93.0	110.0	113.0	55.0	82.0	39.0	65.0	40.0
S583	597.0	E	92.0	116.0	113.0	76.0	79.0	32.0	48.0	41.0
S584	597.0	E	103.0	87.0	118.0	25.0	32.0	75.0	80.0	77.0
S585	596.0	E	102.0	109.0	99.0	75.0	61.0	45.0	52.0	53.0
S586	596.0	E	109.0	111.0	104.0	46.0	46.0	59.0	60.0	61.0
S587	596.0	E	106.0	121.0	123.0	58.0	62.0	41.0	47.0	38.0
S588	596.0	E	107.0	106.0	109.0	60.0	71.0	46.0	51.0	46.0
S589	596.0	E	103.0	112.0	113.0	69.0	78.0	41.0	44.0	36.0
S590	596.0	E	109.0	93.0	107.0	57.0	62.0	61.0	53.0	54.0
S591	595.0	E	101.0	104.0	107.0	89.0	66.0	39.0	54.0	35.0
S592	595.0	E	100.0	128.0	101.0	66.0	67.0	35.0	49.0	49.0
S593	595.0	E	93.0	111.0	123.0	17.0	28.0	78.0	73.0	72.0
S594	594.0	E	106.0	106.0	89.0	69.0	83.0	36.0	65.0	40.0
S595	594.0	E	106.0	136.0	117.0	76.0	77.0	29.0	38.0	15.0
S596	594.0	E	102.0	96.0	116.0	54.0	54.0	51.0	59.0	62.0
S597	594.0	E	104.0	103.0	104.0	77.0	72.0	34.0	44.0	56.0
S598	594.0	E	103.0	122.0	108.0	70.0	55.0	40.0	56.0	40.0
S599	594.0	E	105.0	92.0	99.0	76.0	80.0	36.0	70.0	36.0
S600	593.0	E	101.0	114.0	123.0	85.0	70.0	26.0	40.0	34.0
S601	593.0	E	100.0	125.0	110.0	63.0	63.0	42.0	56.0	34.0
S602	593.0	E	104.0	113.0	116.0	60.0	55.0	53.0	56.0	36.0
S603	593.0	E	103.0	97.0	94.0	68.0	86.0	38.0	56.0	51.0
S604	593.0	E	103.0	104.0	103.0	68.0	47.0	47.0	63.0	58.0
S605	593.0	E	107.0	96.0	123.0	89.0	90.0	20.0	40.0	28.0
S606	593.0	E	105.0	117.0	116.0	46.0	57.0	51.0	59.0	42.0
S607	592.0	E	96.0	95.0	98.0	74.0	74.0	48.0	56.0	51.0
S608	592.0	E	101.0	109.0	110.0	81.0	62.0	42.0	53.0	34.0
S609	592.0	E	100.0	94.0	117.0	70.0	51.0	53.0	66.0	41.0
S610	592.0	E	90.0	111.0	121.0	67.0	72.0	29.0	46.0	56.0
S611	592.0	E	99.0	111.0	112.0	52.0	79.0	44.0	47.0	48.0
S612	592.0	E	93.0	104.0	112.0	67.0	71.0	45.0	61.0	39.0
S613	591.0	E	111.0	106.0	118.0	90.0	67.0	28.0	34.0	37.0
S614	591.0	E	107.0	107.0	113.0	69.0	43.0	42.0	56.0	54.0
S615	591.0	E	100.0	112.0	109.0	64.0	76.0	39.0	54.0	37.0
S616	591.0	E	98.0	112.0	113.0	56.0	83.0	42.0	54.0	33.0
S617	591.0	E	97.0	124.0	95.0	80.0	54.0	40.0	57.0	44.0
S618	591.0	E	92.0	113.0	93.0	69.0	66.0	32.0	64.0	62.0
S619	590.0	E	100.0	91.0	121.0	67.0	50.0	47.0	74.0	40.0
S620	590.0	E	96.0	103.0	104.0	69.0	81.0	44.0	49.0	44.0
S621	590.0	E	106.0	106.0	94.0	55.0	80.0	41.0	62.0	46.0
S622	590.0	E	104.0	86.0	123.0	23.0	33.0	68.0	67.0	86.0
S623	589.0	E	91.0	94.0	123.0	67.0	66.0	45.0	65.0	38.0
S624	589.0	E	104.0	103.0	112.0	78.0	69.0	28.0	56.0	39.0
S625	589.0	E	108.0	92.0	116.0	56.0	68.0	41.0	51.0	57.0
S626	589.0	E	109.0	89.0	104.0	67.0	76.0	43.0	53.0	48.0
S627	589.0	E	98.0	98.0	102.0	69.0	61.0	51.0	62.0	48.0
S628	589.0	E	107.0	101.0	114.0	47.0	83.0	35.0	51.0	51.0
S629	589.0	E	90.0	111.0	109.0	82.0	55.0	40.0	56.0	46.0
S630	589.0	E	111.0	82.0	101.0	51.0	40.0	68.0	62.0	74.0
S631	588.0	E	109.0	105.0	118.0	58.0	65.0	43.0	45.0	45.0
S632	588.0	E	94.0	128.0	108.0	60.0	61.0	45.0	56.0	36.0
S633	588.0	E	107.0	105.0	136.0	66.0	56.0	30.0	41.0	47.0
S634	588.0	E	105.0	98.0	119.0	62.0	61.0	41.0	61.0	41.0
S635	588.0	E	84.0	112.0	83.0	70.0	82.0	43.0	58.0	56.0
S636	587.0	E	91.0	86.0	109.0	72.0	59.0	50.0	59.0	61.0
S637	587.0	E	98.0	93.0	105.0	73.0	77.0	36.0	53.0	52.0
S638	587.0	E	98.0	122.0	99.0	73.0	79.0	30.0	47.0	39.0
S639	587.0	E	103.0	97.0	128.0	39.0	61.0	54.0	54.0	51.0
S640	586.0	E	105.0	99.0	109.0	72.0	67.0	34.0	60.0	40.0
S641	586.0	E	103.0	88.0	113.0	77.0	59.0	47.0	50.0	49.0
S642	586.0	E	95.0	108.0	93.0	58.0	65.0	56.0	64.0	47.0
S643	586.0	E	95.0	96.0	109.0	75.0	82.0	39.0	53.0	37.0
S644	586.0	E	107.0	92.0	106.0	74.0	56.0	48.0	50.0	53.0
S645	586.0	E	107.0	104.0	98.0	73.0	69.0	38.0	52.0	45.0
S646	586.0	E	110.0	105.0	120.0	53.0	52.0	39.0	64.0	43.0
S647	586.0	E	94.0	112.0	114.0	12.0	30.0	71.0	74.0	79.0
S648	586.0	E	106.0	110.0	120.0	18.0	22.0	61.0	68.0	81.0
S649	586.0	E	97.0	84.0	118.0	43.0	56.0	60.0	60.0	68.0
S650	585.0	E	94.0	104.0	115.0	69.0	72.0	43.0	53.0	35.0
S651	585.0	E	98.0	108.0	99.0	64.0	70.0	42.0	50.0	54.0
S652	585.0	E	91.0	103.0	101.0	64.0	58.0	45.0	63.0	60.0
S653	585.0	E	101.0	109.0	104.0	55.0	58.0	38.0	66.0	54.0
S654	585.0	E	91.0	127.0	96.0	77.0	61.0	37.0	48.0	48.0
S655	585.0	E	107.0	95.0	119.0	14.0	27.0	70.0	71.0	82.0
S656	584.0	E	91.0	101.0	108.0	67.0	63.0	41.0	67.0	46.0
S657	584.0	E	98.0	103.0	123.0	49.0	63.0	45.0	57.0	46.0
S658	584.0	E	88.0	102.0	98.0	75.0	77.0	42.0	55.0	47.0
S659	584.0	E	103.0	117.0	113.0	62.0	64.0	37.0	53.0	35.0
S660	584.0	E	87.0	113.0	99.0	75.0	65.0	37.0	63.0	45.0
S661	584.0	E	109.0	97.0	116.0	46.0	65.0	39.0	64.0	48.0
S662	584.0	E	110.0	89.0	121.0	20.0	29.0	74.0	69.0	72.0
S663	584.0	E	108.0	90.0	107.0	19.0	42.0	68.0	75.0	75.0
S664	583.0	E	102.0	109.0	126.0	66.0	70.0	28.0	47.0	35.0
S665	583.0	E	113.0	105.0	102.0	64.0	62.0	45.0	52.0	40.0
S666	583.0	E	88.0	116.0	123.0	61.0	69.0	46.0	32.0	48.0
S667	583.0	E	104.0	103.0	111.0	47.0	65.0	40.0	50.0	63.0
S668	583.0	E	94.0	110.0	113.0	67.0	71.0	36.0	49.0	43.0
S669	582.0	E	97.0	100.0	122.0	76.0	59.0	39.0	51.0	38.0
S670	582.0	E	107.0	109.0	98.0	70.0	63.0	45.0	48.0	42.0
S671	582.0	E	102.0	104.0	96.0	55.0	61.0	54.0	58.0	52.0
S672	582.0	E	90.0	125.0	112.0	71.0	58.0	33.0	49.0	44.0
S673	582.0	E	96.0	97.0	99.0	79.0	66.0	42.0	55.0	48.0
S674	582.0	E	108.0	87.0	104.0	18.0	29.0	73.0	85.0	78.0
S675	581.0	E	106.0	87.0	93.0	75.0	63.0	44.0	54.0	59.0
S676	581.0	E	102.0	97.0	99.0	75.0	78.0	31.0	53.0	46.0
S677	581.0	E	96.0	75.0	113.0	59.0	81.0	50.0	63.0	44.0
S678	581.0	E	92.0	110.0	114.0	50.0	54.0	49.0	66.0	46.0
S679	581.0	E	110.0	103.0	105.0	18.0	19.0	70.0	81.0	75.0
S680	580.0	E	111.0	103.0	119.0	37.0	58.0	49.0	60.0	43.0
S681	580.0	E	100.0	89.0	111.0	72.0	70.0	31.0	54.0	53.0
S682	580.0	E	90.0	98.0	86.0	52.0	60.0	49.0	74.0	71.0
S683	580.0	E	91.0	118.0	94.0	68.0	70.0	43.0	55.0	41.0
S684	580.0	E	89.0	110.0	114.0	61.0	81.0	37.0	48.0	40.0
S685	580.0	E	99.0	109.0	111.0	45.0	68.0	46.0	48.0	54.0
S686	580.0	E	96.0	113.0	85.0	77.0	58.0	41.0	60.0	50.0
S687	580.0	E	106.0	77.0	115.0	31.0	37.0	68.0	76.0	70.0
S688	580.0	E	98.0	71.0	110.0	26.0	36.0	76.0	80.0	83.0
S689	579.0	E	101.0	100.0	116.0	64.0	68.0	37.0	49.0	44.0
S690	579.0	E	94.0	101.0	85.0	79.0	62.0	42.0	61.0	55.0
S691	579.0	E	95.0	86.0	97.0	49.0	55.0	62.0	79.0	56.0
S692	579.0	E	101.0	87.0	101.0	69.0	73.0	45.0	52.0	51.0
S693	579.0	E	97.0	128.0	112.0	59.0	59.0	34.0	47.0	43.0
S694	578.0	E	106.0	74.0	97.0	66.0	58.0	50.0	66.0	61.0
S695	578.0	E	115.0	112.0	104.0	60.0	69.0	47.0	40.0	31.0
S696	578.0	E	107.0	119.0	111.0	68.0	49.0	34.0	50.0	40.0
S697	578.0	E	98.0	109.0	109.0	68.0	71.0	35.0	40.0	48.0
S698	577.0	E	99.0	94.0	117.0	83.0	62.0	41.0	40.0	41.0
S699	577.0	E	94.0	114.0	99.0	65.0	70.0	41.0	46.0	48.0
S700	577.0	E	104.0	99.0	108.0	57.0	68.0	43.0	55.0	43.0
S701	577.0	E	108.0	106.0	114.0	60.0	56.0	50.0	42.0	41.0
S702	577.0	E	102.0	105.0	112.0	69.0	48.0	31.0	55.0	55.0
S703	577.0	E	105.0	77.0	108.0	18.0	23.0	73.0	89.0	84.0
S704	576.0	E	97.0	108.0	115.0	59.0	65.0	42.0	48.0	42.0
S705	576.0	E	99.0	123.0	90.0	74.0	62.0	37.0	59.0	32.0
S706	576.0	E	114.0	98.0	102.0	62.0	44.0	44.0	57.0	55.0
S707	576.0	E	97.0	116.0	89.0	50.0	74.0	48.0	54.0	48.0
S708	576.0	E	105.0	126.0	106.0	61.0	59.0	29.0	43.0	47.0
S709	576.0	E	91.0	134.0	85.0	74.0	65.0	32.0	49.0	46.0
S710	575.0	E	108.0	73.0	95.0	61.0	67.0	56.0	68.0	47.0
S711	575.0	E	99.0	111.0	111.0	69.0	77.0	32.0	44.0	32.0
S712	575.0	E	96.0	124.0	113.0	91.0	71.0	19.0	35.0	26.0
S713	575.0	E	104.0	93.0	116.0	24.0	20.0	67.0	79.0	72.0
S714	574.0	E	104.0	97.0	82.0	71.0	58.0	45.0	54.0	63.0
S715	574.0	E	97.0	121.0	96.0	83.0	86.0	39.0	24.0	28.0
S716	574.0	E	90.0	112.0	71.0	86.0	62.0	39.0	51.0	63.0
S717	574.0	E	109.0	108.0	100.0	57.0	60.0	35.0	54.0	51.0
S718	574.0	E	107.0	109.0	114.0	24.0	16.0	59.0	64.0	81.0
S719	573.0	E	105.0	97.0	105.0	78.0	62.0	43.0	45.0	38.0
S720	573.0	E	102.0	104.0	97.0	70.0	64.0	42.0	47.0	47.0
S721	572.0	E	85.0	101.0	116.0	64.0	76.0	39.0	44.0	47.0
S722	572.0	E	100.0	107.0	98.0	75.0	57.0	45.0	58.0	32.0
S723	572.0	E	99.0	120.0	106.0	55.0	79.0	27.0	55.0	31.0
S724	572.0	E	104.0	87.0	115.0	51.0	65.0	52.0	52.0	46.0
S725	572.0	E	108.0	96.0	104.0	59.0	49.0	51.0	59.0	46.0
S726	572.0	E	90.0	87.0	78.0	83.0	71.0	52.0	62.0	49.0
S727	571.0	E	102.0	88.0	113.0	51.0	74.0	53.0	56.0	34.0
S728	571.0	E	103.0	91.0	105.0	57.0	70.0	30.0	59.0	56.0
S729	571.0	E	87.0	90.0	94.0	75.0	62.0	45.0	51.0	67.0
S730	571.0	E	103.0	114.0	102.0	62.0	55.0	37.0	53.0	45.0
S731	570.0	E	108.0	90.0	114.0	77.0	68.0	35.0	41.0	37.0
S732	570.0	E	109.0	104.0	111.0	64.0	48.0	37.0	52.0	45.0
S733	570.0	E	103.0	102.0	89.0	63.0	67.0	35.0	61.0	50.0
S734	570.0	E	104.0	102.0	100.0	57.0	49.0	55.0	58.0	45.0
S735	570.0	E	92.0	94.0	99.0	68.0	59.0	54.0	47.0	57.0
S736	570.0	E	100.0	101.0	116.0	37.0	86.0	37.0	66.0	27.0
S737	570.0	E	101.0	111.0	111.0	12.0	18.0	65.0	74.0	78.0
S738	569.0	E	86.0	91.0	96.0	74.0	82.0	39.0	50.0	51.0
S739	569.0	E	92.0	82.0	96.0	63.0	69.0	51.0	73.0	43.0
S740	569.0	E	87.0	121.0	111.0	72.0	84.0	20.0	38.0	36.0
S741	569.0	E	117.0	60.0	114.0	18.0	32.0	81.0	86.0	61.0
S742	569.0	E	109.0	85.0	108.0	14.0	34.0	68.0	80.0	71.0
S743	568.0	E	102.0	72.0	110.0	63.0	71.0	38.0	57.0	55.0
S744	568.0	E	105.0	88.0	103.0	63.0	74.0	39.0	51.0	45.0
S745	568.0	E	92.0	98.0	109.0	73.0	65.0	35.0	55.0	41.0
S746	568.0	E	103.0	112.0	101.0	63.0	54.0	37.0	52.0	46.0
S747	568.0	E	104.0	85.0	128.0	50.0	41.0	30.0	69.0	61.0
S748	568.0	E	97.0	111.0	101.0	58.0	74.0	37.0	46.0	44.0
S749	568.0	E	97.0	104.0	97.0	51.0	47.0	47.0	76.0	49.0
S750	568.0	E	103.0	88.0	121.0	60.0	49.0	43.0	50.0	54.0
S751	568.0	E	106.0	102.0	119.0	51.0	66.0	39.0	43.0	42.0
S752	567.0	E	88.0	109.0	95.0	60.0	72.0	35.0	64.0	44.0
S753	567.0	E	98.0	89.0	108.0	56.0	63.0	46.0	56.0	51.0
S754	567.0	E	112.0	94.0	107.0	59.0	69.0	39.0	48.0	39.0
S755	567.0	E	91.0	122.0	101.0	55.0	62.0	44.0	41.0	51.0
S756	567.0	E	109.0	83.0	119.0	6.0	27.0	63.0	78.0	82.0
S757	566.0	E	102.0	82.0	118.0	59.0	53.0	52.0	55.0	45.0
S758	566.0	E	98.0	91.0	108.0	63.0	80.0	30.0	46.0	50.0
S759	566.0	E	103.0	113.0	103.0	57.0	61.0	36.0	50.0	43.0
S760	566.0	E	106.0	95.0	106.0	69.0	57.0	38.0	53.0	42.0
S761	566.0	E	99.0	76.0	123.0	52.0	55.0	50.0	62.0	49.0
S762	566.0	E	99.0	109.0	119.0	58.0	55.0	41.0	59.0	26.0
S763	566.0	E	101.0	108.0	111.0	67.0	68.0	37.0	38.0	36.0
S764	566.0	E	89.0	101.0	75.0	82.0	64.0	47.0	46.0	62.0
S765	566.0	E	102.0	90.0	107.0	24.0	30.0	60.0	71.0	82.0
S766	566.0	E	110.0	92.0	102.0	16.0	30.0	80.0	69.0	67.0
S767	565.0	E	96.0	111.0	114.0	63.0	57.0	44.0	48.0	32.0
S768	565.0	E	88.0	107.0	93.0	70.0	72.0	39.0	54.0	42.0
S769	564.0	E	109.0	85.0	86.0	56.0	54.0	46.0	62.0	66.0
S770	564.0	E	102.0	99.0	92.0	47.0	48.0	45.0	71.0	60.0
S771	564.0	E	96.0	102.0	118.0	78.0	59.0	31.0	41.0	39.0
S772	564.0	E	95.0	78.0	109.0	70.0	76.0	31.0	58.0	47.0
S773	564.0	E	102.0	96.0	116.0	55.0	69.0	44.0	43.0	39.0
S774	564.0	E	96.0	90.0	116.0	25.0	24.0	59.0	72.0	82.0
S775	563.0	E	95.0	78.0	93.0	54.0	56.0	47.0	69.0	71.0
S776	563.0	E	102.0	107.0	101.0	61.0	54.0	36.0	48.0	54.0
S777	563.0	E	89.0	108.0	83.0	73.0	66.0	44.0	52.0	48.0
S778	563.0	E	107.0	93.0	115.0	52.0	65.0	31.0	54.0	46.0
S779	563.0	E	104.0	111.0	93.0	68.0	41.0	37.0	61.0	48.0
S780	563.0	E	95.0	93.0	111.0	61.0	67.0	35.0	55.0	46.0
S781	563.0	E	106.0	98.0	101.0	27.0	36.0	58.0	83.0	54.0
S782	563.0	E	94.0	107.0	105.0	28.0	29.0	60.0	71.0	69.0
S783	562.0	E	96.0	91.0	105.0	80.0	74.0	30.0	56.0	30.0
S784	562.0	E	92.0	124.0	73.0	76.0	63.0	43.0	45.0	46.0
S785	562.0	E	90.0	97.0	100.0	63.0	80.0	50.0	42.0	40.0
S786	562.0	E	100.0	85.0	111.0	12.0	23.0	72.0	83.0	76.0
S787	561.0	E	91.0	93.0	108.0	74.0	48.0	38.0	60.0	49.0
S788	561.0	E	99.0	100.0	104.0	64.0	89.0	41.0	35.0	29.0
S789	561.0	E	107.0	80.0	94.0	64.0	80.0	28.0	59.0	49.0
S790	561.0	E	96.0	102.0	94.0	49.0	59.0	50.0	56.0	55.0
S791	561.0	E	100.0	87.0	96.0	23.0	27.0	71.0	72.0	85.0
S792	561.0	E	102.0	93.0	123.0	23.0	23.0	57.0	70.0	70.0
S793	560.0	E	92.0	105.0	80.0	84.0	63.0	32.0	51.0	53.0
S794	560.0	E	89.0	118.0	95.0	81.0	59.0	34.0	40.0	44.0
S795	560.0	E	89.0	118.0	92.0	61.0	72.0	31.0	53.0	44.0
S796	559.0	E	96.0	111.0	92.0	46.0	72.0	35.0	55.0	52.0
S797	559.0	E	91.0	96.0	100.0	71.0	76.0	43.0	41.0	41.0
S798	559.0	E	101.0	88.0	99.0	52.0	66.0	52.0	57.0	44.0
S799	559.0	E	96.0	107.0	111.0	40.0	65.0	47.0	42.0	51.0
S800	559.0	E	104.0	76.0	114.0	70.0	77.0	30.0	43.0	45.0
S801	559.0	E	109.0	101.0	101.0	53.0	57.0	36.0	61.0	41.0
S802	558.0	E	104.0	72.0	104.0	68.0	56.0	49.0	65.0	40.0
S803	558.0	E	97.0	108.0	86.0	49.0	58.0	42.0	61.0	57.0
S804	558.0	E	108.0	74.0	97.0	59.0	55.0	48.0	67.0	50.0
S805	558.0	E	101.0	94.0	102.0	61.0	62.0	39.0	54.0	45.0
S806	558.0	E	107.0	76.0	106.0	55.0	66.0	49.0	56.0	43.0
S807	558.0	E	93.0	92.0	104.0	61.0	62.0	57.0	45.0	44.0
S808	558.0	E	103.0	103.0	110.0	12.0	23.0	60.0	68.0	79.0
S809	558.0	E	98.0	68.0	119.0	16.0	34.0	64.0	79.0	80.0
S810	558.0	E	105.0	84.0	113.0	10.0	20.0	76.0	70.0	80.0
S811	557.0	E	103.0	83.0	118.0	63.0	65.0	34.0	48.0	43.0
S812	557.0	E	89.0	118.0	108.0	43.0	67.0	45.0	46.0	41.0
S813	557.0	E	101.0	78.0	92.0	58.0	58.0	52.0	63.0	55.0
S814	556.0	E	91.0	111.0	92.0	72.0	69.0	34.0	52.0	35.0
S815	556.0	E	94.0	96.0	101.0	68.0	57.0	45.0	56.0	39.0
S816	556.0	E	104.0	94.0	116.0	46.0	57.0	41.0	52.0	46.0
S817	556.0	E	82.0	93.0	107.0	68.0	57.0	47.0	51.0	51.0
S818	556.0	E	99.0	84.0	108.0	20.0	23.0	62.0	79.0	81.0
S819	555.0	E	102.0	87.0	103.0	42.0	70.0	34.0	66.0	51.0
S820	555.0	E	97.0	106.0	84.0	66.0	53.0	49.0	59.0	41.0
S821	555.0	E	98.0	84.0	101.0	20.0	24.0	71.0	73.0	84.0
S822	554.0	E	95.0	121.0	84.0	69.0	69.0	34.0	46.0	36.0
S823	554.0	E	103.0	104.0	105.0	63.0	54.0	38.0	51.0	36.0
S824	554.0	E	96.0	91.0	101.0	73.0	55.0	43.0	52.0	43.0
S825	554.0	E	94.0	112.0	100.0	56.0	53.0	35.0	58.0	46.0
S826	554.0	E	103.0	88.0	118.0	82.0	70.0	28.0	39.0	26.0
S827	554.0	E	82.0	102.0	94.0	55.0	78.0	43.0	57.0	43.0
S828	554.0	E	85.0	123.0	117.0	88.0	56.0	20.0	32.0	33.0
S829	554.0	E	88.0	114.0	89.0	68.0	64.0	35.0	57.0	39.0
S830	553.0	E	111.0	78.0	110.0	59.0	40.0	52.0	67.0	36.0
S831	553.0	E	97.0	95.0	109.0	44.0	59.0	47.0	52.0	50.0
S832	553.0	E	88.0	117.0	99.0	64.0	59.0	38.0	49.0	39.0
S833	553.0	E	96.0	87.0	83.0	65.0	64.0	37.0	71.0	50.0
S834	552.0	E	100.0	100.0	106.0	56.0	67.0	29.0	56.0	38.0
S835	552.0	E	95.0	89.0	78.0	76.0	73.0	56.0	53.0	32.0
S836	552.0	E	103.0	119.0	114.0	43.0	53.0	36.0	45.0	39.0
S837	552.0	E	100.0	95.0	107.0	14.0	22.0	61.0	76.0	77.0
S838	551.0	E	94.0	83.0	82.0	68.0	74.0	46.0	58.0	46.0
S839	551.0	E	104.0	107.0	115.0	74.0	56.0	29.0	38.0	28.0
S840	550.0	E	93.0	99.0	86.0	83.0	79.0	32.0	39.0	39.0
S841	550.0	E	103.0	101.0	97.0	57.0	54.0	45.0	49.0	44.0
S842	550.0	E	97.0	110.0	120.0	60.0	63.0	27.0	46.0	27.0
S843	550.0	E	95.0	87.0	88.0	58.0	64.0	52.0	59.0	47.0
S844	549.0	E	108.0	83.0	83.0	59.0	64.0	53.0	52.0	47.0
S845	549.0	E	98.0	112.0	99.0	56.0	63.0	33.0	48.0	40.0
S846	549.0	E	94.0	99.0	77.0	80.0	63.0	36.0	58.0	42.0
S847	548.0	E	92.0	110.0	108.0	57.0	56.0	40.0	47.0	38.0
S848	548.0	E	93.0	86.0	113.0	59.0	61.0	42.0	52.0	42.0
S849	548.0	E	109.0	99.0	98.0	55.0	60.0	41.0	42.0	44.0
S850	548.0	E	104.0	93.0	102.0	12.0	21.0	69.0	78.0	69.0
S851	548.0	E	100.0	74.0	107.0	15.0	37.0	70.0	69.0	76.0
S852	547.0	E	102.0	122.0	100.0	40.0	57.0	26.0	52.0	48.0
S853	547.0	E	99.0	83.0	113.0	58.0	62.0	37.0	50.0	45.0
S854	547.0	E	94.0	109.0	78.0	78.0	77.0	31.0	60.0	20.0
S855	546.0	E	105.0	98.0	99.0	73.0	58.0	32.0	38.0	43.0
S856	545.0	E	91.0	80.0	104.0	60.0	55.0	45.0	62.0	48.0
S857	545.0	E	99.0	86.0	89.0	51.0	72.0	45.0	55.0	48.0
S858	545.0	E	101.0	139.0	104.0	77.0	90.0	22.0	12.0	0.0
S859	545.0	E	100.0	84.0	81.0	55.0	74.0	45.0	53.0	53.0
S860	545.0	E	105.0	113.0	99.0	56.0	58.0	50.0	37.0	27.0
S861	544.0	E	96.0	103.0	86.0	86.0	73.0	30.0	46.0	24.0
S862	544.0	E	96.0	102.0	114.0	63.0	44.0	32.0	65.0	28.0
S863	544.0	E	88.0	98.0	85.0	56.0	78.0	38.0	46.0	55.0
S864	543.0	E	102.0	84.0	99.0	49.0	65.0	44.0	56.0	44.0
S865	543.0	E	90.0	83.0	106.0	80.0	79.0	32.0	37.0	36.0
S866	543.0	E	95.0	96.0	106.0	46.0	51.0	39.0	55.0	55.0
S867	543.0	E	105.0	89.0	126.0	48.0	37.0	46.0	45.0	47.0
S868	543.0	E	97.0	77.0	118.0	57.0	65.0	36.0	58.0	35.0
S869	542.0	E	105.0	104.0	81.0	55.0	33.0	51.0	52.0	61.0
S870	542.0	E	100.0	79.0	84.0	66.0	61.0	41.0	55.0	56.0
S871	542.0	E	96.0	125.0	108.0	63.0	45.0	27.0	44.0	34.0
S872	542.0	E	98.0	101.0	116.0	64.0	66.0	27.0	39.0	31.0
S873	542.0	E	90.0	118.0	98.0	41.0	62.0	35.0	55.0	43.0
S874	542.0	E	95.0	101.0	108.0	60.0	48.0	41.0	47.0	42.0
S875	542.0	E	85.0	90.0	112.0	63.0	61.0	46.0	49.0	36.0
S876	542.0	E	96.0	99.0	81.0	70.0	66.0	37.0	56.0	37.0
S877	542.0	E	93.0	104.0	115.0	60.0	53.0	39.0	43.0	35.0
S878	541.0	E	102.0	91.0	105.0	47.0	64.0	45.0	46.0	41.0
S879	541.0	E	92.0	131.0	108.0	61.0	77.0	18.0	32.0	22.0
S880	541.0	E	84.0	92.0	118.0	35.0	77.0	43.0	53.0	39.0
S881	540.0	E	107.0	85.0	106.0	55.0	74.0	24.0	55.0	34.0
S882	540.0	E	111.0	88.0	86.0	57.0	47.0	43.0	61.0	47.0
S883	540.0	E	114.0	96.0	108.0	57.0	47.0	37.0	45.0	36.0
S884	540.0	E	100.0	102.0	89.0	65.0	46.0	43.0	49.0	46.0
S885	540.0	E	95.0	113.0	94.0	60.0	72.0	33.0	40.0	33.0
S886	540.0	E	93.0	77.0	125.0	16.0	35.0	58.0	61.0	75.0
S887	539.0	E	100.0	77.0	109.0	50.0	55.0	41.0	65.0	42.0
S888	539.0	E	78.0	105.0	98.0	66.0	70.0	30.0	47.0	45.0
S889	539.0	E	102.0	103.0	110.0	77.0	60.0	23.0	41.0	23.0
S890	539.0	E	88.0	84.0	98.0	34.0	74.0	49.0	74.0	38.0
S891	538.0	E	88.0	86.0	114.0	44.0	69.0	47.0	50.0	40.0
S892	538.0	E	100.0	78.0	106.0	53.0	62.0	44.0	59.0	36.0
S893	538.0	E	100.0	94.0	105.0	57.0	67.0	35.0	47.0	33.0
S894	538.0	E	98.0	92.0	107.0	55.0	55.0	47.0	47.0	37.0
S895	538.0	E	94.0	103.0	102.0	63.0	29.0	52.0	49.0	46.0
S896	538.0	E	100.0	88.0	108.0	6.0	21.0	71.0	78.0	66.0
S897	538.0	E	86.0	88.0	109.0	24.0	28.0	67.0	73.0	63.0
S898	537.0	E	107.0	93.0	118.0	38.0	59.0	41.0	50.0	31.0
S899	537.0	E	111.0	82.0	116.0	45.0	58.0	42.0	52.0	31.0
S900	537.0	E	101.0	96.0	108.0	54.0	43.0	42.0	56.0	37.0
S901	537.0	E	97.0	86.0	99.0	56.0	39.0	56.0	64.0	40.0
S902	536.0	E	107.0	78.0	114.0	58.0	57.0	46.0	36.0	40.0
S903	536.0	E	100.0	81.0	118.0	43.0	50.0	38.0	54.0	52.0
S904	535.0	E	96.0	98.0	98.0	27.0	51.0	46.0	69.0	50.0
S905	534.0	E	92.0	93.0	108.0	16.0	27.0	72.0	75.0	51.0
S906	533.0	E	75.0	120.0	96.0	83.0	41.0	36.0	48.0	34.0
S907	533.0	E	100.0	90.0	85.0	49.0	65.0	40.0	59.0	45.0
S908	533.0	E	102.0	106.0	99.0	51.0	68.0	35.0	47.0	25.0
S909	533.0	E	93.0	86.0	99.0	38.0	67.0	41.0	55.0	54.0
S910	533.0	E	112.0	80.0	109.0	36.0	58.0	41.0	55.0	42.0
S911	533.0	E	102.0	79.0	108.0	68.0	74.0	38.0	30.0	34.0
S912	533.0	E	99.0	80.0	124.0	42.0	52.0	34.0	55.0	47.0
S913	533.0	E	86.0	96.0	113.0	14.0	29.0	71.0	61.0	63.0
S914	533.0	E	112.0	85.0	126.0	15.0	19.0	57.0	48.0	71.0
S915	532.0	E	102.0	70.0	120.0	30.0	61.0	44.0	53.0	52.0
S916	532.0	E	105.0	89.0	84.0	50.0	42.0	55.0	67.0	40.0
S917	532.0	E	111.0	90.0	91.0	60.0	58.0	39.0	50.0	33.0
S918	532.0	E	105.0	90.0	101.0	72.0	55.0	27.0	57.0	25.0
S919	532.0	E	98.0	97.0	102.0	46.0	48.0	43.0	50.0	48.0
S920	532.0	E	101.0	65.0	82.0	52.0	61.0	45.0	70.0	56.0
S921	532.0	E	97.0	102.0	87.0	53.0	52.0	35.0	59.0	47.0
S922	532.0	E	87.0	100.0	110.0	12.0	19.0	73.0	61.0	70.0
S923	532.0	E	91.0	84.0	96.0	24.0	24.0	70.0	73.0	70.0
S924	531.0	E	96.0	122.0	94.0	75.0	83.0	29.0	18.0	14.0
S925	531.0	E	85.0	134.0	110.0	74.0	66.0	16.0	25.0	21.0
S926	531.0	E	95.0	85.0	98.0	54.0	55.0	46.0	54.0	44.0
S927	530.0	E	109.0	80.0	93.0	64.0	45.0	32.0	56.0	51.0
S928	530.0	E	92.0	118.0	78.0	67.0	45.0	43.0	45.0	42.0
S929	530.0	E	90.0	108.0	100.0	52.0	54.0	32.0	54.0	40.0
S930	530.0	E	92.0	96.0	106.0	51.0	62.0	45.0	50.0	28.0
S931	530.0	E	102.0	90.0	98.0	44.0	53.0	48.0	62.0	33.0
S932	529.0	E	109.0	99.0	98.0	56.0	48.0	33.0	50.0	36.0
S933	529.0	E	97.0	95.0	105.0	56.0	46.0	37.0	52.0	41.0
S934	529.0	E	103.0	96.0	103.0	16.0	21.0	66.0	75.0	49.0
S935	529.0	E	100.0	86.0	124.0	12.0	30.0	61.0	59.0	57.0
S936	528.0	E	97.0	86.0	90.0	47.0	80.0	30.0	61.0	37.0
S937	528.0	E	103.0	78.0	124.0	47.0	50.0	38.0	59.0	29.0
S938	528.0	E	99.0	91.0	111.0	27.0	31.0	44.0	64.0	61.0
S939	527.0	E	99.0	94.0	85.0	72.0	52.0	46.0	34.0	45.0
S940	527.0	E	101.0	102.0	102.0	62.0	71.0	25.0	34.0	30.0
S941	527.0	E	84.0	98.0	103.0	58.0	59.0	46.0	35.0	44.0
S942	527.0	E	95.0	94.0	95.0	65.0	39.0	38.0	56.0	45.0
S943	527.0	E	105.0	95.0	101.0	44.0	36.0	40.0	61.0	45.0
S944	527.0	E	103.0	97.0	99.0	52.0	45.0	40.0	57.0	34.0
S945	526.0	E	97.0	100.0	83.0	51.0	67.0	28.0	51.0	49.0
S946	526.0	E	108.0	86.0	104.0	42.0	52.0	37.0	53.0	44.0
S947	526.0	E	103.0	93.0	98.0	46.0	68.0	39.0	45.0	34.0
S948	526.0	E	87.0	96.0	114.0	51.0	58.0	37.0	45.0	38.0
S949	526.0	E	101.0	106.0	81.0	52.0	53.0	37.0	54.0	42.0
S950	526.0	E	91.0	105.0	90.0	19.0	20.0	65.0	64.0	72.0
S951	525.0	E	106.0	88.0	84.0	49.0	54.0	44.0	55.0	45.0
S952	525.0	E	100.0	82.0	104.0	45.0	60.0	31.0	54.0	49.0
S953	525.0	E	91.0	81.0	94.0	69.0	41.0	42.0	51.0	56.0
S954	525.0	E	114.0	60.0	97.0	19.0	27.0	63.0	77.0	68.0
S955	524.0	E	91.0	77.0	112.0	41.0	40.0	51.0	65.0	47.0
S956	523.0	E	92.0	62.0	94.0	57.0	58.0	37.0	69.0	54.0
S957	523.0	E	103.0	123.0	81.0	76.0	34.0	29.0	48.0	29.0
S958	522.0	E	97.0	68.0	103.0	49.0	53.0	34.0	64.0	54.0
S959	522.0	E	84.0	85.0	116.0	49.0	78.0	29.0	48.0	33.0
S960	522.0	E	92.0	80.0	113.0	18.0	24.0	61.0	69.0	65.0
S961	521.0	E	94.0	86.0	97.0	46.0	56.0	50.0	52.0	40.0
S962	521.0	E	91.0	86.0	86.0	72.0	52.0	37.0	55.0	42.0
S963	521.0	E	99.0	87.0	108.0	51.0	45.0	43.0	44.0	44.0
S964	521.0	E	93.0	78.0	111.0	17.0	36.0	55.0	64.0	67.0
S965	520.0	E	96.0	83.0	107.0	47.0	63.0	36.0	47.0	41.0
S966	520.0	E	94.0	86.0	112.0	53.0	65.0	34.0	42.0	34.0
S967	520.0	E	98.0	93.0	104.0	55.0	58.0	33.0	47.0	32.0
S968	520.0	E	90.0	89.0	99.0	66.0	74.0	31.0	35.0	36.0
S969	520.0	E	94.0	69.0	93.0	12.0	44.0	57.0	75.0	76.0
S970	519.0	E	118.0	68.0	94.0	48.0	60.0	46.0	54.0	31.0
S971	519.0	E	99.0	92.0	89.0	50.0	64.0	40.0	39.0	46.0
S972	519.0	E	87.0	88.0	106.0	50.0	73.0	35.0	43.0	37.0
S973	519.0	E	85.0	106.0	93.0	51.0	62.0	29.0	43.0	50.0
S974	518.0	E	100.0	80.0	90.0	73.0	69.0	41.0	46.0	19.0
S975	518.0	E	104.0	72.0	108.0	50.0	46.0	38.0	60.0	40.0
S976	518.0	E	82.0	93.0	87.0	62.0	53.0	40.0	59.0	42.0
S977	517.0	E	86.0	96.0	62.0	67.0	70.0	39.0	54.0	43.0
S978	517.0	E	97.0	79.0	94.0	47.0	69.0	50.0	44.0	37.0
S979	517.0	E	99.0	74.0	105.0	18.0	27.0	59.0	72.0	63.0
S980	516.0	E	98.0	88.0	117.0	41.0	50.0	29.0	47.0	46.0
S981	516.0	E	94.0	107.0	88.0	53.0	54.0	45.0	31.0	44.0
S982	516.0	E	109.0	68.0	121.0	8.0	20.0	70.0	54.0	66.0
S983	515.0	E	99.0	97.0	96.0	47.0	50.0	32.0	55.0	39.0
S984	515.0	E	104.0	113.0	108.0	38.0	50.0	38.0	32.0	32.0
S985	515.0	E	107.0	74.0	102.0	25.0	39.0	51.0	56.0	61.0
S986	515.0	E	105.0	62.0	112.0	16.0	33.0	58.0	53.0	76.0
S987	514.0	E	96.0	94.0	118.0	42.0	39.0	45.0	45.0	35.0
S988	514.0	E	98.0	110.0	78.0	59.0	59.0	29.0	45.0	36.0
S989	514.0	E	102.0	74.0	89.0	12.0	14.0	75.0	74.0	74.0
S990	513.0	E	98.0	93.0	106.0	49.0	38.0	37.0	44.0	48.0
S991	513.0	E	88.0	110.0	78.0	46.0	64.0	33.0	58.0	36.0
S992	512.0	E	92.0	73.0	77.0	61.0	66.0	40.0	53.0	50.0
S993	512.0	E	86.0	101.0	101.0	66.0	52.0	36.0	34.0	36.0
S994	511.0	E	95.0	90.0	111.0	58.0	59.0	29.0	49.0	20.0
S995	511.0	E	95.0	75.0	101.0	47.0	48.0	57.0	52.0	36.0
S996	511.0	E	96.0	99.0	109.0	42.0	44.0	41.0	40.0	40.0
S997	510.0	E	109.0	79.0	69.0	51.0	51.0	46.0	60.0	45.0
S998	509.0	E	97.0	100.0	94.0	75.0	47.0	28.0	54.0	14.0
S999	509.0	E	90.0	94.0	83.0	56.0	49.0	35.0	53.0	49.0
S1000	508.0	E	97.0	84.0	97.0	36.0	54.0	49.0	45.0	46.0
S1001	508.0	E	96.0	67.0	101.0	49.0	48.0	32.0	61.0	54.0
S1002	508.0	E	93.0	88.0	84.0	57.0	56.0	36.0	53.0	41.0
S1003	508.0	E	114.0	77.0	83.0	54.0	38.0	43.0	52.0	47.0
S1004	508.0	E	86.0	99.0	81.0	53.0	53.0	29.0	44.0	63.0
S1005	507.0	E	84.0	116.0	101.0	87.0	74.0	14.0	16.0	15.0
S1006	507.0	E	89.0	107.0	93.0	60.0	43.0	37.0	44.0	34.0
S1007	507.0	E	84.0	95.0	86.0	56.0	54.0	42.0	47.0	43.0
S1008	506.0	E	98.0	69.0	84.0	59.0	56.0	51.0	52.0	37.0
S1009	506.0	E	88.0	80.0	82.0	50.0	54.0	42.0	53.0	57.0
S1010	506.0	E	101.0	75.0	116.0	36.0	50.0	43.0	38.0	47.0
S1011	506.0	E	101.0	88.0	103.0	53.0	42.0	38.0	43.0	38.0
S1012	506.0	E	99.0	95.0	75.0	50.0	48.0	36.0	54.0	49.0
S1013	506.0	E	89.0	78.0	108.0	2.0	19.0	58.0	85.0	67.0
S1014	506.0	E	95.0	77.0	93.0	18.0	29.0	59.0	74.0	61.0
S1015	505.0	E	95.0	81.0	98.0	45.0	44.0	34.0	63.0	45.0
S1016	505.0	E	103.0	79.0	98.0	53.0	52.0	47.0	50.0	23.0
S1017	505.0	E	93.0	94.0	93.0	52.0	42.0	35.0	58.0	38.0
S1018	505.0	E	94.0	93.0	94.0	46.0	50.0	35.0	47.0	46.0
S1019	504.0	E	76.0	104.0	83.0	53.0	74.0	24.0	51.0	39.0
S1020	504.0	E	94.0	103.0	106.0	64.0	36.0	42.0	40.0	19.0
S1021	503.0	E	85.0	68.0	108.0	48.0	45.0	47.0	56.0	46.0
S1022	503.0	E	90.0	93.0	101.0	56.0	56.0	28.0	49.0	30.0
S1023	501.0	E	105.0	91.0	107.0	54.0	46.0	24.0	37.0	37.0
S1024	501.0	E	99.0	70.0	100.0	46.0	61.0	42.0	41.0	42.0
S1025	500.0	E	102.0	72.0	109.0	40.0	43.0	37.0	56.0	41.0
S1026	500.0	E	97.0	81.0	99.0	44.0	48.0	43.0	52.0	36.0
S1027	499.0	E	94.0	75.0	103.0	50.0	58.0	29.0	51.0	39.0
S1028	499.0	E	91.0	92.0	110.0	26.0	63.0	24.0	53.0	40.0
S1029	499.0	E	96.0	69.0	109.0	44.0	44.0	40.0	48.0	49.0
S1030	499.0	E	102.0	108.0	80.0	46.0	57.0	34.0	40.0	32.0
S1031	499.0	E	104.0	100.0	107.0	38.0	57.0	30.0	47.0	16.0
S1032	498.0	E	101.0	89.0	98.0	36.0	58.0	34.0	39.0	43.0
S1033	498.0	E	101.0	82.0	96.0	48.0	54.0	25.0	55.0	37.0
S1034	498.0	E	95.0	72.0	113.0	30.0	62.0	42.0	43.0	41.0
S1035	498.0	E	99.0	64.0	104.0	54.0	39.0	36.0	54.0	48.0
S1036	498.0	E	92.0	69.0	99.0	44.0	70.0	30.0	58.0	36.0
S1037	498.0	E	109.0	62.0	115.0	42.0	55.0	35.0	41.0	39.0
S1038	497.0	E	77.0	75.0	104.0	55.0	60.0	38.0	53.0	35.0
S1039	497.0	E	89.0	96.0	98.0	61.0	29.0	35.0	45.0	44.0
S1040	496.0	E	103.0	101.0	86.0	55.0	35.0	36.0	51.0	29.0
S1041	494.0	E	95.0	69.0	104.0	31.0	36.0	42.0	55.0	62.0
S1042	494.0	E	104.0	109.0	100.0	40.0	68.0	18.0	41.0	14.0
S1043	492.0	E	103.0	67.0	126.0	26.0	51.0	38.0	48.0	33.0
S1044	491.0	E	85.0	97.0	89.0	58.0	57.0	20.0	54.0	31.0
S1045	490.0	E	89.0	75.0	97.0	36.0	59.0	39.0	62.0	33.0
S1046	490.0	E	92.0	69.0	84.0	47.0	35.0	51.0	65.0	47.0
S1047	489.0	E	93.0	71.0	104.0	51.0	52.0	44.0	37.0	37.0
S1048	488.0	E	87.0	82.0	117.0	34.0	38.0	48.0	52.0	30.0
S1049	488.0	E	101.0	77.0	111.0	39.0	57.0	35.0	46.0	22.0
S1050	487.0	E	92.0	108.0	86.0	73.0	63.0	18.0	38.0	9.0
S1051	486.0	E	107.0	72.0	100.0	44.0	38.0	37.0	54.0	34.0
S1052	485.0	E	89.0	61.0	100.0	30.0	50.0	35.0	73.0	47.0
S1053	485.0	E	96.0	95.0	100.0	49.0	41.0	25.0	49.0	30.0
S1054	484.0	E	92.0	99.0	94.0	40.0	38.0	31.0	54.0	36.0
S1055	484.0	E	101.0	92.0	103.0	20.0	56.0	28.0	46.0	38.0
S1056	482.0	E	103.0	67.0	86.0	8.0	23.0	64.0	61.0	70.0
S1057	481.0	E	94.0	83.0	84.0	62.0	42.0	28.0	43.0	45.0
S1058	481.0	E	94.0	60.0	101.0	37.0	64.0	35.0	57.0	33.0
S1059	480.0	E	87.0	94.0	100.0	45.0	47.0	30.0	41.0	36.0
S1060	480.0	E	92.0	68.0	104.0	30.0	60.0	32.0	63.0	31.0
S1061	479.0	E	94.0	69.0	98.0	49.0	45.0	25.0	50.0	49.0
S1062	479.0	E	94.0	97.0	86.0	59.0	49.0	29.0	43.0	22.0
S1063	477.0	E	93.0	101.0	84.0	36.0	50.0	39.0	37.0	37.0
S1064	477.0	E	93.0	77.0	74.0	38.0	47.0	41.0	51.0	56.0
S1065	477.0	E	102.0	76.0	85.0	43.0	31.0	44.0	48.0	48.0
S1066	477.0	E	90.0	76.0	87.0	49.0	57.0	32.0	43.0	43.0
S1067	476.0	E	102.0	80.0	105.0	45.0	43.0	24.0	47.0	30.0
S1068	476.0	E	79.0	79.0	109.0	47.0	50.0	33.0	43.0	36.0
S1069	476.0	E	100.0	74.0	69.0	50.0	45.0	45.0	52.0	41.0
S1070	474.0	E	89.0	68.0	120.0	31.0	36.0	42.0	50.0	38.0
S1071	474.0	E	95.0	58.0	49.0	47.0	57.0	42.0	70.0	56.0
S1072	474.0	E	104.0	69.0	88.0	8.0	16.0	59.0	75.0	55.0
S1073	473.0	E	96.0	86.0	98.0	45.0	31.0	24.0	52.0	41.0
S1074	472.0	E	88.0	89.0	78.0	37.0	43.0	38.0	62.0	37.0
S1075	471.0	E	101.0	91.0	88.0	24.0	44.0	36.0	47.0	40.0
S1076	471.0	E	95.0	89.0	78.0	38.0	39.0	30.0	62.0	40.0
S1077	468.0	E	82.0	79.0	93.0	55.0	39.0	38.0	41.0	41.0
S1078	467.0	E	93.0	61.0	88.0	37.0	53.0	42.0	49.0	44.0
S1079	465.0	E	104.0	73.0	73.0	50.0	55.0	30.0	55.0	25.0
S1080	464.0	E	90.0	91.0	81.0	46.0	42.0	26.0	39.0	49.0
S1081	463.0	E	87.0	81.0	89.0	46.0	54.0	25.0	34.0	47.0
S1082	463.0	E	89.0	77.0	96.0	35.0	66.0	27.0	45.0	28.0
S1083	461.0	E	89.0	48.0	109.0	12.0	17.0	56.0	51.0	79.0
S1084	460.0	E	96.0	62.0	96.0	43.0	37.0	37.0	49.0	40.0
S1085	458.0	E	92.0	68.0	90.0	20.0	59.0	37.0	42.0	50.0
S1086	458.0	E	103.0	51.0	100.0	33.0	23.0	44.0	49.0	55.0
S1087	457.0	E	89.0	65.0	70.0	62.0	34.0	46.0	46.0	45.0
S1088	456.0	E	86.0	73.0	98.0	29.0	45.0	47.0	44.0	34.0
S1089	456.0	E	94.0	90.0	95.0	19.0	47.0	25.0	47.0	39.0
S1090	456.0	E	87.0	80.0	73.0	43.0	42.0	36.0	49.0	46.0
S1091	456.0	E	107.0	76.0	94.0	15.0	30.0	33.0	57.0	44.0
S1092	453.0	E	82.0	80.0	77.0	36.0	28.0	37.0	60.0	53.0
S1093	452.0	E	89.0	73.0	94.0	28.0	48.0	40.0	42.0	38.0
S1094	452.0	E	95.0	71.0	75.0	27.0	34.0	41.0	60.0	49.0
S1095	451.0	E	87.0	66.0	94.0	46.0	45.0	39.0	37.0	37.0
S1096	451.0	E	90.0	58.0	93.0	24.0	33.0	49.0	59.0	45.0
S1097	450.0	E	88.0	65.0	105.0	26.0	32.0	40.0	54.0	40.0
S1098	449.0	E	92.0	50.0	101.0	14.0	16.0	50.0	71.0	55.0
S1099	448.0	E	103.0	80.0	83.0	29.0	38.0	33.0	46.0	36.0
S1100	447.0	E	96.0	84.0	75.0	42.0	35.0	27.0	54.0	34.0
S1101	445.0	E	87.0	57.0	88.0	52.0	40.0	39.0	51.0	31.0
S1102	444.0	E	67.0	81.0	91.0	40.0	53.0	31.0	60.0	21.0
S1103	442.0	E	98.0	82.0	82.0	36.0	40.0	31.0	44.0	29.0
S1104	442.0	E	85.0	65.0	107.0	46.0	33.0	27.0	49.0	30.0
S1105	441.0	E	103.0	66.0	89.0	47.0	40.0	32.0	37.0	27.0
S1106	439.0	E	92.0	65.0	88.0	54.0	17.0	49.0	50.0	24.0
S1107	437.0	E	61.0	98.0	73.0	18.0	22.0	42.0	63.0	60.0
S1108	435.0	E	97.0	71.0	81.0	4.0	24.0	47.0	65.0	46.0
S1109	434.0	E	98.0	46.0	116.0	14.0	20.0	45.0	53.0	42.0
S1110	431.0	E	89.0	61.0	93.0	28.0	19.0	51.0	37.0	53.0
S1111	430.0	E	69.0	76.0	82.0	26.0	55.0	42.0	44.0	36.0
S1112	430.0	E	96.0	60.0	84.0	10.0	15.0	58.0	61.0	46.0
S1113	426.0	E	96.0	43.0	103.0	22.0	24.0	48.0	64.0	26.0
S1114	423.0	E	84.0	51.0	98.0	18.0	23.0	54.0	57.0	38.0
S1115	422.0	E	89.0	45.0	93.0	31.0	39.0	43.0	50.0	32.0
S1116	421.0	E	86.0	73.0	103.0	26.0	39.0	28.0	34.0	32.0
S1117	417.0	E	72.0	83.0	98.0	34.0	35.0	29.0	42.0	24.0
S1118	416.0	E	70.0	83.0	75.0	46.0	32.0	32.0	53.0	25.0
S1119	415.0	E	95.0	53.0	78.0	18.0	34.0	34.0	55.0	48.0
S1120	413.0	E	82.0	54.0	100.0	29.0	41.0	36.0	40.0	31.0
S1121	410.0	E	84.0	77.0	78.0	19.0	49.0	21.0	43.0	39.0
S1122	409.0	E	97.0	72.0	86.0	4.0	11.0	51.0	54.0	34.0
S1123	407.0	E	81.0	86.0	66.0	39.0	32.0	33.0	39.0	31.0
S1124	405.0	E	79.0	65.0	74.0	47.0	35.0	20.0	40.0	45.0
S1125	405.0	E	82.0	68.0	78.0	4.0	23.0	48.0	53.0	49.0
S1126	403.0	E	93.0	77.0	61.0	37.0	30.0	35.0	33.0	37.0
S1127	401.0	E	85.0	33.0	105.0	20.0	22.0	29.0	57.0	50.0
S1128	401.0	E	86.0	63.0	57.0	16.0	38.0	39.0	45.0	57.0
S1129	400.0	E	79.0	68.0	57.0	27.0	43.0	35.0	59.0	32.0
S1130	396.0	E	97.0	33.0	90.0	16.0	44.0	37.0	44.0	35.0
S1131	394.0	E	91.0	68.0	78.0	12.0	34.0	31.0	44.0	36.0
S1132	391.0	E	77.0	39.0	108.0	22.0	16.0	32.0	48.0	49.0
S1133	383.0	E	89.0	61.0	85.0	24.0	29.0	38.0	35.0	22.0
S1134	379.0	E	80.0	55.0	92.0	24.0	25.0	21.0	40.0	42.0
S1135	376.0	E	90.0	34.0	96.0	18.0	22.0	23.0	61.0	32.0
S1136	368.0	E	92.0	50.0	63.0	23.0	25.0	32.0	39.0	44.0
S1137	357.0	E	80.0	42.0	69.0	18.0	39.0	31.0	46.0	32.0
S1138	356.0	E	66.0	73.0	73.0	4.0	19.0	30.0	43.0	48.0
S1139	350.0	E	83.0	30.0	71.0	19.0	21.0	45.0	42.0	39.0
S1140	347.0	E	92.0	27.0	71.0	12.0	16.0	49.0	46.0	34.0
S1141	342.0	E	80.0	70.0	48.0	36.0	46.0	27.0	16.0	19.0
S1142	332.0	E	76.0	21.0	54.0	16.0	21.0	48.0	49.0	47.0
S1143	329.0	E	82.0	16.0	48.0	16.0	8.0	40.0	66.0	53.0
S1144	308.0	E	80.0	25.0	62.0	20.0	22.0	23.0	40.0	36.0
S1145	301.0	E	92.0	15.0	48.0	18.0	11.0	27.0	53.0	37.0
S1146	297.0	E	72.0	30.0	64.0	16.0	23.0	23.0	37.0	32.0
S1147	292.0	E	78.0	20.0	73.0	8.0	22.0	34.0	28.0	29.0
S1148	287.0	E	86.0	30.0	30.0	12.0	25.0	34.0	47.0	23.0
S1149	237.0	E	76.0	15.0	47.0	2.0	10.0	33.0	33.0	21.0
